-7.7024706230858941e-002 -1.6634806735438132e-001  1.2885544866597565e-001  3.7907505001280273e-001  1.4843666621519794e-001  2.6666268729844234e-001  3.0204661321208059e-001  1.2292911056386510e-001  4.8353209627461646e-001  6.1057714610477176e-001
-1.0530433190834135e-001 -5.5164033966611181e-001 -1.5385695168115024e-001  4.9536317512923983e-001 -5.1342586900983145e-001 -2.1528889408716340e-001 -1.2571910364275365e-001 -2.6471798554320253e-001 -1.4023402281080458e-001  6.7364344719557795e-003
8.4330730294005296e-001 -7.7907471901389691e-002 -2.1667179157778202e-001  6.9899415815338095e-002 -2.2996828099863903e-001  1.9787276103982177e-001  4.4559393847300635e-002  2.2257137489582576e-001  2.2683265190297092e-001 -1.8951247118243486e-001
1.6847312671229581e-001  3.3034433750850617e-001  7.4174038588779245e-001  1.7433469365232060e-001 -4.2031381483104258e-001  5.5711105901924150e-002 -8.0786733620653930e-003  6.5708007646422595e-002 -2.8082605148329703e-001  1.3749374568153244e-001
3.4073981576372980e-003 -4.1814626213930572e-001  2.2089382189767953e-001 -2.8406714965594126e-001 -7.3241900556039984e-003  2.3343864323223942e-001  7.1057027608460854e-001 -1.9972439082723192e-001 -2.0619274680694752e-001 -2.3192935289515709e-001
-2.4938923440155518e-002  1.8951046649760139e-001 -2.2004057605712637e-001 -1.4586814668361231e-001 -2.0260556002270250e-001  6.7747784938269373e-001 -2.1015415707810120e-001 -5.5491929449704813e-001 -5.3516427390564794e-002  1.9692387198553088e-001
2.5958549517790436e-001 -4.6477251743611037e-001  3.9311708158834235e-001  4.1038173034451120e-003  5.0674444315875133e-001  1.3101666942035906e-001 -5.0479510734749822e-001 -1.5080916736543259e-001 -1.0259082053865815e-001  1.5219776107798857e-003
2.1993310614374845e-001  2.6863502689734242e-001 -2.3421259610629436e-001  5.2919937548001883e-001  4.2308201534750434e-001 -1.9143581808090691e-002  2.6520684465437910e-001 -1.8026227461664368e-001 -5.1087664752108286e-001  3.6988598834054198e-002
-3.2522584327485587e-001  7.7088352098838728e-002  1.1018150878185504e-001  4.3082272090994528e-001  5.4599799792723371e-002  4.3557013389675514e-001 -7.1134102493313922e-002  1.7255380310185334e-001  1.7985579017979544e-001 -6.5624072920176280e-001
-1.4583271516345556e-001 -2.1895867764480162e-001 -2.0940478956564368e-001 -8.9388022317210852e-002 -7.0279461572043012e-002  3.4577640739582705e-001 -1.0781478330843633e-001  6.5430826025758182e-001 -5.1668890061498585e-001  2.1849040861097774e-001
 