  -2.2999554877968495e-01  -1.3006191275847656e-01  -4.5307930645404926e-01   2.3541489440232927e-01   2.8348098702127628e-01  -1.2190585178398834e-01  -1.7198623200830807e-01   1.6860967305035285e-01   4.0836105753404121e-02   7.6444740139674422e-02   2.6975199814482859e-01   1.1600919865040978e-01  -1.1219506768518735e-01   1.5191790333764404e-01   2.1655017460297971e-01   8.9992342096430963e-03  -2.9201179231540714e-01  -4.0221517903831688e-01   2.7617810321220276e-01   1.2866325892977681e-01
  -1.7459071968253867e-01  -8.7064279006148923e-02  -1.2272059738509619e-01   1.6859458629829302e-01   2.8176713036989431e-01   7.6124532481102458e-02  -2.9363140648074726e-01  -2.0621141012067126e-01  -1.5950566999954921e-01  -1.7985953602223276e-01  -3.2864016807392138e-01  -4.7456072062191039e-02  -1.1512720950941385e-01   5.2979189527842019e-01   1.3818484769653071e-02   1.3075809421303766e-01   4.7051621771507630e-02   4.7015735889899962e-01  -4.3025014041872540e-02  -1.1829955938052509e-02
  -2.1099097649154211e-01  -2.3450988849814805e-01   2.2876149270591570e-01  -1.1078357242197848e-01  -1.3570013199860059e-01  -9.6453466059857731e-02  -1.7187675127240093e-01  -2.5642780415117816e-01  -1.6889204368412780e-01   9.2728271933993273e-02  -1.3069735294489759e-01   2.6516237777344596e-02   1.0655506183141318e-02   1.4219912696229295e-01  -5.9297236621218519e-01  -1.0420701720966273e-01  -3.9103315167347746e-01  -3.3427994729822041e-01  -8.6093805373603838e-02   5.5577776580791119e-02
  -2.1112806832618361e-01   1.9293528090930162e-01   7.4249691763834280e-02   3.9214884466502520e-01   1.9530308140227598e-01   8.5636431478787994e-02   3.1545899608010119e-01  -3.7289788434862409e-01  -6.3854972944411836e-02  -1.9289649448203222e-01   1.2136223707764208e-02  -1.6370491028586862e-01   1.9050025306718538e-01  -6.3936486415280477e-02   6.4776542503486953e-02  -4.2271438934292227e-01   1.0843574191395805e-01  -1.4171449932007779e-01  -1.0681754242230206e-01   3.7432206321966449e-01
  -2.4245648493084490e-01  -2.4672475158504076e-01   3.1544176109397659e-01   3.7943895067665760e-02  -8.7090922045027497e-02  -3.1693039939964052e-01   1.6020150349002424e-01   5.5057309931937741e-02   3.6024263227193670e-01   3.8433587595058138e-01  -2.9175874640857513e-01   1.0331594067676194e-02   1.2476654037539342e-01   5.2527274259663650e-02   3.4371211867286355e-01  -6.5230927864360936e-03  -1.8121853750118341e-01   2.2123906083850053e-01   7.6755894470309186e-02   2.3615571026261695e-01
  -2.4021368762662937e-01   1.1514913104386786e-01  -2.3846713664158498e-01   1.6420174360092149e-01  -1.6143328051886865e-01   2.6875817140376435e-01   2.6502909279275694e-01   1.0183908782358810e-01   1.3258617033724923e-01   9.1980342550371949e-02  -6.6121635382399485e-02  -4.0828920046501349e-02  -5.3586843509611815e-01  -2.0631119041509915e-01  -1.4104331677217960e-01   1.4448236567283795e-01  -2.9678188762055840e-01   1.6800107774325002e-01  -3.6939607470973179e-01   1.0479732303513789e-01
  -2.4974301104590110e-01   6.9747921195148235e-02  -2.4336984370342285e-01  -4.4413266832706091e-03  -1.9969849907043657e-01  -5.3418104819184498e-01  -1.1232201834128368e-02   1.2733528283397610e-01   8.1106808063751409e-02  -1.8394572597535799e-01   1.9842958105606509e-01  -2.3583159936341172e-01   1.3679419501907394e-01   9.1974966766064689e-02  -3.6535171336751493e-02  -3.1474018629614275e-01  -3.7244838982235060e-02   1.6900008178450807e-01  -3.1858308907994559e-01  -3.7084889614385330e-01
  -2.8053014807096605e-01   7.9007398663227438e-02  -1.7032928502469522e-01  -3.4538970826164977e-01   2.0918452180105251e-01  -2.5547052275275262e-01   2.4309098757383832e-01   1.0909477785678877e-01  -2.9240286899144170e-02  -1.6757537791329138e-01  -2.3987320195583342e-01   2.3630063470421067e-01  -1.8504222378935684e-01  -1.9958944376467255e-01  -3.0701099346454430e-01  -1.4663920921334428e-01   2.2007158380747488e-01   1.3614972391518898e-01   4.1518418787052264e-01   1.2345492240251002e-01
  -2.6775822185812470e-01   1.3078463785408315e-01   7.0906287296279291e-02   1.2985409393398339e-01  -2.2232353864095608e-01  -2.7642782181284709e-01   8.0916225638438005e-02  -1.4686097697360406e-01   4.1765686802903115e-02  -4.6694604787641085e-02  -5.5854830294349074e-02   4.7602049386967174e-02  -1.3728719747075557e-01   1.5082759849263633e-01   3.4306676439505412e-02   5.3927434576091438e-01   4.7893489495724095e-01  -3.8958999314961540e-01  -1.0512175870394717e-01  -1.5648760233904664e-02
  -2.3309670864234183e-01   2.3560978364663129e-01   9.0428136131149202e-03   2.3619806050636383e-01   1.2771881606258165e-01   1.3367831300782573e-01  -4.6277530137543271e-01   4.4302765580516351e-02   2.4779817251458658e-01   4.5697233038955154e-01  -3.4928390682579125e-03   2.2033480948960760e-01   1.2487933328005253e-01  -2.0755156005059744e-01  -2.3430193073627714e-01  -1.7079371970364865e-01   3.0998157035082846e-01   6.3363887414739514e-02  -7.4725477292277936e-02  -1.2946753368754146e-01
  -2.0992994296593853e-01  -5.0969519373137662e-01  -4.2736498627069582e-02  -1.9334845160370390e-02  -1.1213558628257755e-02   2.8111563310304749e-01   5.4638185595516267e-02   9.3639287154251974e-02   3.9444144738478981e-01  -3.3907025530804652e-01   2.8472866245186745e-01   6.0273662726029173e-02   3.2183798651431628e-01  -1.7905943098838525e-02  -2.3033405528794224e-01   1.8744775739766728e-01   1.5034309527081940e-01   1.0561644950209990e-01  -5.9279942066443554e-02   1.3570494103902914e-01
  -2.2756821699196905e-01   3.5597889238551383e-01   2.2267503582854040e-01  -4.2449794124917584e-01   2.9908156480473819e-01   5.7573097568363277e-02  -1.3741146650364672e-01   3.8393929391959625e-01  -8.5687279968793079e-02  -8.9079771092932886e-02   5.2053668617809419e-02  -1.2673358597099477e-02   1.5733151951507476e-01   1.1689230351802381e-01   1.1127159408186199e-01   1.2188150927962564e-01  -1.0520590303324212e-01  -8.8983709545474632e-02  -3.7567218631862542e-01   2.9788613393828323e-01
  -1.5515582199077199e-01  -1.4774120499009361e-01   1.9217312619766136e-01   1.3107956235674872e-01   4.6717244666267410e-01  -8.3430651405871956e-02   2.4759615044676053e-01  -1.0519731241729710e-01  -2.3427223620382653e-01  -7.5141700259404396e-03   3.6740966338328102e-02   2.5586803369045974e-01   1.2243011773969988e-01  -3.1422165322818396e-01   7.5584155468490039e-02   2.4286101969173593e-01  -1.8444316819815060e-01   3.5170318711007793e-02  -1.5923736559352225e-01  -4.9154436519520606e-01
  -2.0372727776560023e-01  -4.1391842943921769e-01   4.5210863754428073e-02  -8.2958576950840579e-02   1.1123093436372451e-02   4.4858431399163123e-02   2.1323947904214626e-02   1.4810339843356254e-01  -5.1228891759459527e-01   3.5392106484742802e-01   2.5101688911539249e-01  -3.1831284952407535e-01  -1.8623110907294418e-01  -6.7914714367572029e-02   5.7877139221779603e-02  -1.0085100535595730e-01   3.5811965667046847e-01   7.7051192933720009e-02  -6.0561394402059751e-02   1.0494412147526841e-01
  -2.5386870238088022e-01   1.8073164843799674e-01   3.0519430176589307e-01   1.4851727282054253e-01   3.4359974272219372e-03   2.9558348483061159e-01   1.8980086682811745e-01   3.2507461605919180e-01   7.6121454438070627e-02  -2.5176231717948788e-02  -2.7994775562800112e-02  -3.9128169135157786e-01  -7.8972867205863873e-03   2.3587221898404148e-01  -1.1862118789853730e-01  -1.1984233329685253e-02  -5.9973304380384077e-02  -9.2016709429144958e-02   4.1944880414476382e-01  -3.7467225044202790e-01
  -2.0409170289411013e-01   2.2249614754003508e-01   4.8688535947075243e-02  -2.5567059799783681e-01   1.8957870340586019e-02  -4.1750465540424213e-02  -1.8581650771520605e-01  -5.1160752170020507e-01   1.1151314007825110e-01   4.7145576143404894e-02   4.1006588192839394e-01  -3.0638623318117342e-01  -5.1614235412569077e-02  -2.0688696496534872e-01   5.0089115702127374e-02   2.4777955009359837e-01  -1.6462583251210353e-01   2.2912950714949537e-01   2.7384127223406990e-01   4.5674216572069617e-02
  -2.0808766504930853e-01   3.5650702307276146e-03  -2.3942326683697318e-01  -4.4190009290853888e-01  -8.7810291123215450e-02   3.5396488056589759e-01   2.5842170942851739e-01  -3.0148829369320201e-01   7.6049418612702646e-02   2.3673133946720845e-01  -5.6256121830230554e-03   2.3457011460063615e-01   7.3711829242545393e-02   3.1293094378708314e-01   2.3591576788060478e-01  -2.0203122037860599e-01   6.2670391415326140e-02  -1.2562758960993944e-01  -7.9617419971593384e-02  -2.6579684545546667e-01
  -2.1514103221246944e-01  -2.0353317418692862e-01   1.6913793996514107e-01  -1.0633597322445321e-01  -9.5139876673535753e-02   1.3726635420988412e-01  -3.8868555567705843e-01  -3.4787381264873990e-02   9.8782487123583118e-02  -3.9138035909116614e-01  -2.5922100906602313e-01  -5.2197588820914902e-02  -2.8995451720430265e-01  -3.3701491058388278e-01   3.7613534404128801e-01  -2.2746415112841742e-01   2.9467055756219392e-02  -2.0909698970864815e-01  -2.2705618288694541e-02  -1.5284250839555177e-01
  -2.2772863492571818e-01   7.8239022117188251e-02  -3.4384617371477560e-01   5.0373340778727224e-02  -3.4602933124124136e-01   1.3681007446142168e-01  -7.5787225282182541e-02   7.3174248356776744e-02  -3.6471113554399232e-01   5.8734782751444538e-03  -3.2265558010052187e-01  -8.0058598486660318e-02   5.1977407019767219e-01  -2.6366801730355605e-01   8.5259073209897410e-02   2.1398070295853722e-01  -1.1864640063718930e-01   2.4852079423245521e-02   1.3538227674554792e-01   4.8669959200318601e-02
  -1.8696955851028266e-01   1.2662731609724504e-01   2.8641382149075373e-01   1.6897628278430429e-01  -3.9477317886249869e-01   4.3104617809551750e-02  -3.9149644829849721e-02   7.1665007536559716e-02  -2.7444082766156530e-01  -1.6300702729804820e-01   3.5220569663674112e-01   5.5770034795695167e-01  -8.5052603704035057e-02   1.2526770268721149e-01   1.0920512848635311e-01  -1.1304215324831475e-01  -7.8312659584111349e-02   2.4072613965253484e-01   1.4290823776572023e-01   7.0335443379329399e-02
