  -2.0427181789820242e-01   2.1718500348057937e-01   1.9859766015534752e-01   2.1703436962782874e-01   1.7507252513548666e-01  -5.0995789416395043e-01  -3.4572445570831384e-01  -6.0577156490940649e-02  -8.0058956925561475e-02   3.6343020936686132e-01  -1.2608533949192238e-01  -1.2481633861082531e-01  -1.3290502346995184e-01   2.4699620030135601e-02  -2.4708758525386964e-02   2.4957369435784199e-01   8.7480139357046002e-02  -8.8949031379712093e-02  -3.7752420019884664e-01   3.7790695613770416e-02
  -1.5502099514194931e-01  -3.2025130388465983e-01   8.2551147422742735e-02   8.7168059425885389e-02   4.2337376454224762e-01   3.7046514294694233e-01  -9.1633909695340680e-03  -5.7461585291076075e-02   1.2298831253800810e-01  -3.6358042965185251e-02  -4.3695668073374250e-01   2.2940782771135967e-01   2.7736321588288398e-01  -4.2902903271515337e-02   1.8841324364397307e-02   6.4106877164403733e-02   3.0123544240315648e-02  -1.7570183035504541e-01  -2.6450311514790353e-01   3.0681554607017464e-01
  -2.3116015739487081e-01   2.9739305522030735e-01   8.4373608113545273e-02   1.5179263002795745e-01   3.5046097528306958e-01   2.0104739694671050e-01   2.7748884319397038e-01  -1.7061016924458983e-01  -2.5075200025333533e-01   3.8257401055136742e-01   5.3657580566930499e-02  -2.0218782696599930e-01   2.1748139668036448e-01   4.1761412009583094e-03   1.6587242610004809e-02  -4.7089401479632156e-02   2.3022226963425055e-02  -1.2659535231259231e-01   4.7930822620635938e-01  -9.7530427651019200e-02
  -2.2347628652041740e-01   6.8629830777689638e-02   2.6042957939179292e-02   4.0047972154358774e-01  -2.5180109925607042e-01  -3.2345696360383668e-02  -1.8299270462729406e-01  -3.3405942161491436e-01  -2.6042166512731241e-01  -4.3127047512344063e-01  -1.7652132344119503e-01  -3.2092395564418161e-02   1.6373614968180178e-01   3.6336711110929502e-02   3.8753281020473257e-01  -7.6353018809444756e-02   1.2276870791681335e-01   2.7429865714484392e-01   1.0115521100044529e-01   6.3757278832229203e-02
  -2.2014738292937625e-01  -4.7015233244160326e-01   2.4003344575215424e-01  -1.6012012698355907e-01  -4.1571343170149676e-02   2.4013325679077790e-01  -7.1076326261503078e-02   3.4697707001351455e-02  -4.2735062075338709e-01   1.2227006186013988e-01   1.6138614187447295e-01   1.0591167692339659e-01  -3.8395869530680049e-01   6.2828789486603004e-02   2.1729901727593279e-01   1.7041300499892623e-01   2.2570533272934423e-01  -3.9681815034873273e-02  -8.3026250861069368e-03  -2.5793509110373980e-01
  -2.2005653040091391e-01  -9.9321640165216940e-02   4.1828025385319711e-02  -3.3046275717096807e-01   4.0199155074250426e-01  -4.1464672308115808e-01   3.3832763795749210e-01  -1.7844993955577657e-01   3.8081844277706688e-02  -3.0016970863428882e-01   2.1619666864073771e-03   4.0635825258512039e-02   6.8916232021416196e-02   3.0843699541190134e-01  -6.9618538272254171e-02  -1.4129132363177874e-01   1.3654877086404277e-01   2.2653874370277452e-01  -9.0043160329147470e-02  -2.3439723315427444e-01
  -2.4117424795590864e-01  -1.1413501696593224e-02   4.6499723794440390e-01  -2.5206404594412934e-01  -3.3918664522068892e-01  -3.0121627421497023e-02   1.8992421056027772e-02  -1.1651090470388567e-01   4.9351888848084930e-03   2.0337428106367988e-02  -3.2175894691277650e-02   1.1231054329907789e-01   1.6339464289803798e-01  -2.0515463246627272e-02  -4.5249491788229979e-01   2.9275866382384297e-01  -7.0796641442628747e-02   2.1644967948526259e-01   2.2843243981503764e-01   3.1039765329760932e-01
  -2.6964838910172728e-01  -1.6812051834283460e-02  -1.8918458672065291e-01  -1.0914359701051524e-01  -1.4594025716703093e-01   9.7896875799090316e-02   2.2927234466955732e-02   1.5240286174262488e-01  -4.0614144566509214e-01  -1.1986792566308825e-01   1.8765417712582300e-01  -3.9419517662933151e-01   1.7845261873298349e-01   2.7747526099350028e-01  -1.8476165565325278e-01  -1.7544713549008101e-01  -1.9244297133417404e-01  -2.3836382308262677e-01  -3.4371172209570672e-01   2.6267930763917019e-01
  -1.6238333614410599e-01   3.5149564682251816e-01   2.4930497983774411e-01   9.4789165259407990e-02  -2.4291793600206288e-01   1.1005973388211952e-01   5.5028622978571240e-01  -5.6701656140433565e-03   8.6798652278741117e-02  -9.1406641806981270e-02   1.2648932784411329e-01   1.7888513874412423e-01  -5.2919282471301815e-02  -2.7390471702608610e-01   1.2523248856128288e-01   6.7515997063649384e-03   1.4619350284483426e-01  -1.8614062560730094e-01  -4.2990013527787718e-01  -8.1844501904336689e-02
  -2.2160034876145140e-01   1.5049931672602429e-01  -2.1380496219897457e-01  -1.1169159190618795e-01  -1.7238690756968045e-01  -7.1732726846634801e-02   1.5557657034370634e-01   2.0918472693376045e-01  -4.9901521968176966e-02   8.0617333545459066e-02  -5.7684308146957353e-01   1.0329876269907241e-01  -4.3899972280815897e-01   1.2721638200183885e-01  -4.5935230178401086e-02  -2.4991913684313780e-01   2.0923603778576824e-01  -1.0172940512215183e-01   2.1118754451225780e-01   2.0644483958060730e-01
  -2.1503532972518127e-01   4.3222697458201648e-02  -3.0131543311072262e-01   1.3586506573854521e-02  -1.2992662801243351e-01  -8.7578641559524929e-03   1.5045988852144548e-01   3.9625570756079248e-01   6.5711585002371474e-03   1.0314714920166308e-01  -1.8832551140033019e-01   1.1139229575404901e-01   2.8084498711970224e-01   1.7893989308945521e-01   1.9978553569636667e-01   5.2426262012072244e-01  -2.3660036455018288e-01   1.9861419035925387e-01  -1.9638243165380282e-02  -2.9029715128252132e-01
  -1.7352294650359293e-01  -1.5981484837130863e-01  -1.2833081607440877e-01   4.1656035172086936e-01  -1.1810063702254142e-01   9.9413829198163162e-02  -6.4115251456271713e-02   1.8515158295806994e-01   2.1461638650901696e-01   7.6361988811336115e-02   1.4869020126407118e-01  -3.3950659284450206e-03   1.5744583845105445e-01   1.2028845475295112e-01  -4.5134669458540055e-01  -1.1665550762139411e-01   5.5305462690014950e-01   1.1121929561827507e-01  -2.0585245434534147e-02  -2.0707372645845140e-01
  -2.5798093789962540e-01   5.9941934187513264e-02   1.7088476236986039e-01   3.9253776567875549e-02   7.8061232280180207e-02   1.3283385884450397e-01  -4.9471149431426553e-02   1.3096761292360595e-01   5.5560741629384114e-01  -1.1913850956739017e-01   2.5677966233056998e-01  -2.5972464922329136e-01  -2.2822745040033868e-01   3.6915318997994717e-01   3.1840537000465796e-01   1.3383023404477512e-01   5.8837512371669306e-03  -5.2327422260130589e-02   1.4700787574332377e-01   2.5970620681023637e-01
  -2.2636825116184209e-01   1.4397608397971778e-01  -2.3932912271994575e-01   7.7382854977446708e-02   3.1515914680182257e-02   2.5998499641237754e-01  -1.3218173173469747e-01  -4.3788820022267683e-01   1.1301382628811517e-01  -2.1743744046034377e-01  -6.4369357887583425e-02   3.5356070196849665e-02  -3.5522254131635433e-01   3.9597269697863577e-02  -3.6479466250068776e-01   1.9640360729980239e-01  -3.0703497946959152e-01  -1.4178826687813600e-01  -3.3901293246521309e-02  -3.2648030394213512e-01
  -2.3110685723067950e-01  -4.4290817174898145e-01  -9.7407817832080426e-02   3.0644843714677855e-01  -1.1800588833058277e-01  -1.8576130008470881e-01   2.8643078678929629e-01  -1.7065395460746155e-01   1.4258909563461952e-01   3.4151678807152569e-01   8.9819358846634195e-02   1.1946402616857619e-02  -1.4807275982778620e-01  -1.1991326840865461e-01   5.0434176719485330e-02  -2.5220561398614205e-01  -4.2459554603414112e-01   2.0891836836949146e-01  -4.0371528594536819e-02   1.1931173867961421e-01
  -2.4338997901388307e-01   3.1847508583244127e-01  -2.3470977482740832e-01  -2.3817993262829595e-01   1.0814240990115463e-01   1.8641199405185993e-01  -2.8761296509793899e-01  -4.4701024075198270e-02  -1.2405478865647633e-02   2.2560687635935026e-01   3.0731380899512112e-01   4.6844506186727014e-01   2.0762969157815388e-02   1.0438174847219120e-05   9.8214824064546125e-02  -2.2430756298000037e-01   2.1030071604032918e-02   3.5029481043701471e-01  -1.3687462066438816e-01   1.7071479251190882e-01
  -2.6115811336376615e-01   4.3271076951819504e-02   3.7094182011145593e-01  -1.3961166440726855e-01  -4.7260245619138580e-02   8.2045483227514607e-02  -2.9570193247497800e-01   2.7442261155033082e-01   1.6419854297729669e-01  -1.6181003388900102e-02  -2.1809190610878265e-01  -1.5080995554991716e-01   1.2442286824016399e-01  -1.8590324293284635e-01   3.4251562997469773e-02  -4.4938918578846598e-01  -2.5911961637435349e-01   1.8470485146181399e-02  -1.5078497682834762e-02  -4.2745213580583163e-01
  -1.9236822319619060e-01  -7.2019147680875362e-02  -2.9814824367809428e-01  -3.1473252033589033e-01   1.9983353612565709e-02   6.2977880403919051e-02   7.1990828189309056e-03  -1.1239164651704589e-01   1.2661193695755935e-01   2.3459504360887059e-02  -6.1594371042543346e-02  -5.1206045074660000e-01  -1.0627102057366453e-02  -5.5477981630996798e-01   6.7705937723803289e-02   1.7099052473378332e-01   2.6964351440638029e-01   2.2037153066050871e-01  -6.1369071094761786e-02   5.8957461507576470e-02
  -2.2131419832864674e-01   2.3592578984355890e-03  -2.3558348285225423e-02   2.2613755523102241e-01   3.3431194302708095e-01  -1.7651712225303468e-01  -1.8914124841894329e-02   4.4101958226624355e-01  -1.8284987391846000e-01  -3.9148873195084233e-01   2.0936770048809253e-01   1.5236664219095028e-01  -1.6570184853448866e-01  -4.1556290865561202e-01  -1.4635179470818280e-01   8.6383713039026533e-02  -1.2154401000409538e-01  -5.7198239396194081e-03   2.0604142945813481e-01   1.4664648664823138e-01
  -2.5814623955599836e-01  -1.5233866310684022e-01  -2.0332421750909030e-01  -1.6898972564126430e-01  -1.9376964865963459e-01  -3.1237316619655991e-01  -1.5231569409847201e-01  -1.5788523659716910e-01   1.5557565755283190e-01  -3.2524735943234036e-04   1.5076088638817747e-01   2.3971893018881713e-01   2.7878034967737525e-01  -1.2151636476979646e-01   1.4959688177793484e-01  -6.3992987713115835e-03   8.6884951558645104e-02  -6.1517570279085254e-01   2.2193140382819340e-01  -4.9570331913419675e-02
