-2.9385360219531376e-001 -1.8836086071390132e-001  3.5691566007652531e-001  1.2080661163826155e-001  1.6230515211950031e-002  2.2840855539348540e-001  5.5787499326219592e-001  2.1579117336703227e-001  1.5972958932206273e-002  5.7070819949964557e-001
 -3.6256225661008820e-002  1.1073026488242887e-001  9.1054542336120356e-002 -2.7761473920177571e-001 -2.9247183047327846e-001  8.3442268091344463e-001 -5.1468809729322787e-002  9.2522683724346910e-002 -1.6190392362477699e-001 -2.8607704125112871e-001
  1.0274105960614817e-001  6.5251153088298353e-001  1.6242378404536792e-001 -4.2725192115605132e-002 -5.3379019907930580e-001 -1.6145232115492422e-001  1.0130322173880131e-001  5.9633355265273046e-003  4.4048784084435377e-001  1.4191468702850807e-001
  1.6296968796788122e-001  5.4153086086197663e-002 -3.6976352907837090e-001 -1.2797817855467325e-001 -2.6413100441417214e-001 -1.3769207723033697e-001  6.2881590055538850e-001 -3.0653197257299686e-001 -4.8518957026449988e-001 -6.2452707941748148e-002
 -2.1064419124560013e-001 -3.5527285536713188e-001  1.3282664658161580e-001  2.9999032428619332e-001 -6.6705739947231479e-001 -1.0968617480092159e-001 -3.6653808927689424e-001 -2.1984322749418703e-001 -2.5053894700735690e-001  1.3901618452439962e-001
 -4.4410633869238658e-002 -5.2601120515061960e-003  6.0373999960492786e-001  1.3535444003713210e-001  1.6574586432986554e-001 -3.1892502911905207e-003  2.0323326207441392e-001 -6.1013416561996781e-001  1.0035731589911968e-001 -4.0503864343452689e-001
 -5.5244908151271577e-001  3.1587812857820086e-001  1.2181425890121775e-001 -5.3886115209595631e-001  1.6196679468889191e-001 -1.8462208533382121e-001 -2.1285038194448963e-001 -1.8233506802009505e-001 -3.2487314140943713e-001  2.1306920989202327e-001
  1.9907598712628963e-001 -1.7295743030134050e-001 -2.6129699177712323e-001 -2.2148415749118658e-001  6.0304993869687594e-002  2.9642597586539671e-001 -1.2116056626814171e-001 -6.0153205095230833e-001  3.5049205675613881e-001  4.7143685078498265e-001
 -5.3330887568564189e-001 -3.3950680260043908e-001 -2.7632303915565865e-001 -2.6159057303110933e-001 -1.8994270313729253e-001 -1.1451522159641453e-001  2.1169472990277749e-001  3.8150366250352334e-002  4.9279044391325161e-001 -3.4238607894851131e-001
  4.4679730208059598e-001 -3.9032106727703036e-001  3.9949914910456086e-001 -6.1152329691951901e-001 -1.4530727288701378e-001 -2.4379032684675470e-001  9.5797009381232145e-004  1.8368241718677114e-001 -4.7445526708798647e-003  1.2277483227548347e-002