  -1.7981384518074928e-01  -9.2288939801209030e-02  -2.6360343754522886e-01  -3.8583270700419609e-03  -2.9172376481188539e-01  -9.3222005711492653e-02  -4.6863691625796941e-02   3.9916174914982938e-01   3.3791475555313083e-01   6.6900323871746964e-02   1.7808215178034933e-01  -2.4154173878191135e-01  -3.3490540729041929e-01  -1.4251425705782314e-01  -1.1282711311950459e-01  -1.7152901473053042e-01  -3.8333491828118094e-01   1.2739474033564541e-01   1.3882113378859851e-01  -2.6180236216165603e-01
  -1.8173552791453099e-01   1.9502418435170005e-02  -1.7378945251849802e-03   3.3991927418105039e-01   4.0090152219873476e-01   6.6506807039508842e-02   1.8285695684636202e-01  -2.6111945985024726e-01  -2.4725038662221799e-02   9.6004199689460109e-03   3.1878420589474099e-01   7.9271206610624617e-02  -1.7263312368467110e-01  -3.2258995110176625e-01   9.8010652484298907e-03  -8.0014349360594011e-02  -1.1252657841743223e-01  -4.8361808112377958e-01   6.2781037910585383e-04  -2.9791576565819222e-01
  -2.1375975822627546e-01  -1.2795652753524270e-01   2.7236501296357180e-01  -2.9079330362752738e-02  -1.8891536336890011e-01   1.3088480445468625e-01  -1.8168344842511469e-01  -1.5506493212002545e-01   2.6727633368290460e-01  -2.7080213235066336e-01  -1.8059951841777372e-01   2.3524851100267569e-01  -4.6675150849277353e-01  -1.0084262521599195e-01  -5.6096861779729557e-02  -1.3499065225481449e-02   4.6163184426588466e-01  -1.6350984951346900e-02   2.7187982106688563e-01  -4.0718652397386236e-02
  -2.5098369842778340e-01  -4.2458783499099616e-02   6.7569527263001097e-02  -4.8631983788151895e-02   1.2200494555510115e-01   1.6549143221742163e-01   7.8140157330865698e-02   5.1817730938507855e-01  -2.6859453360936764e-01  -2.5789321856296160e-01   9.1980510127625717e-02   7.3339280022829079e-02  -5.3660305819656619e-02   3.1871700489622984e-01  -2.4967594282411177e-02   4.9938473802389749e-01  -7.1055104910456357e-02  -2.2797819310291650e-01   2.1560656996677161e-01  -3.0314395797502742e-02
  -2.1068140452443981e-01   1.6215111750084074e-01  -4.5103568257335280e-01   1.7641322997937964e-01  -1.4584354840087865e-01   2.1234866309441539e-01  -9.7692217344516372e-02  -2.3324006771913680e-02   2.5045765441523254e-01   2.5190757623949046e-02  -2.3551851389158077e-01   3.3639797118887432e-01   1.4091757732468280e-01   3.2159530954254983e-01   1.3010480720515899e-01  -2.2885207706161736e-01  -1.2307386317555058e-01  -3.5390007080693903e-01   2.9267140588977069e-02   2.2910358737894682e-01
  -2.6395246949312723e-01   1.0131727251736820e-01   1.6849638903377406e-01  -1.2849649168064334e-01  -2.9281350581462490e-01  -6.6954723598918353e-02   5.3947604599045507e-01   2.0780815079171469e-01   1.2140637030695537e-02   2.5131211810172759e-02  -1.7327107472321920e-01   1.4312517727725249e-01   1.7761318885617622e-01  -4.3143383379436939e-01  -2.5000616516711532e-01  -2.8428800156931076e-02   2.7484290479783863e-02  -1.6488468251023033e-01  -1.9020445269062866e-01   2.3306779370342434e-01
  -2.0799352692619666e-01  -1.7023206081239736e-01   3.1914164197061161e-02  -3.5584072973670659e-02  -1.0906215236211293e-01  -4.6723049015236778e-01   3.6829449603689079e-01  -3.6856387720823081e-01  -3.3283308458837348e-02   3.8376994152936938e-02   3.2723573760338756e-02  -8.6639708298821991e-02  -6.9773091582664398e-02   5.5373796714635826e-01  -2.6685287494491799e-01  -7.2865721859427607e-02  -2.5195224885951644e-02  -5.0359303713549651e-02   1.2978120262778572e-01  -6.7898400769095132e-02
  -1.8712000182504485e-01   4.9511403133264731e-01   2.2194703865554599e-01   4.1811065656516988e-02  -1.3273467526685734e-01  -1.7271433054139088e-01  -2.0084855297955884e-02   3.0511907729085287e-02  -2.5420213496934302e-01  -2.1359874201539392e-01   5.8280599756446852e-02  -8.0407806299044302e-02  -3.7554813184625307e-01   1.2866871337642646e-01   4.1492915800266794e-01  -2.1211827655844206e-01  -1.0359843736731267e-01   5.0328824676970890e-02  -3.2001934422970751e-01   9.7574741178889687e-02
  -2.1077004375144073e-01   4.7978834935512193e-01   6.0776690877139328e-02   1.9786671592911248e-01  -2.1391949775775401e-01  -3.3008937908636619e-02  -1.3098284265778040e-01  -2.0887150263590765e-01   1.6867928673301080e-01   3.6592034080293162e-01   9.0022423180313269e-02  -2.4741359016485509e-01   1.0772624598020063e-01  -6.4745224380582542e-02   1.4837772947877915e-03   5.1769149219742361e-01   7.0610640387262280e-02   9.9616028979083449e-03   2.2823461522858091e-01   4.7450063315010907e-02
  -2.6626267566899403e-01  -6.4495911289361704e-02   9.2522473936182528e-02  -3.1180632499448735e-01  -8.6289259011378183e-02   1.1025366901472515e-01  -2.5432414653686597e-01  -1.9048943044059871e-01   2.0672496539020795e-02   5.4006745835888603e-02   5.6490164548361854e-01   4.4835040583921376e-01   9.6165463148558242e-02   2.5936166806569835e-02  -1.5457765338986657e-01   5.7471223052015206e-02  -2.0064987585990193e-01   1.9372032325448554e-01  -2.2337368557023976e-01   1.0156141357224119e-01
  -2.5117114222175735e-01   9.5161842187606302e-02   1.5545959494262050e-02   3.5704706437377171e-01  -3.1546243429176661e-02  -2.3092025042953370e-03  -1.0191137265651275e-01   2.8808934701601585e-01  -1.9335847730538661e-01   6.2678972599049976e-02   2.1171385285182850e-01   1.8395929870157982e-02   3.3043012326053722e-01   9.6685701556182418e-02  -1.6738966068493460e-01  -3.7784921694097739e-01   4.8102121266645348e-01   1.9662629737488693e-01   3.1112549617251743e-02  -2.4277759631947238e-01
  -2.1607245797374050e-01  -2.2054856361776026e-01   6.7096353185089247e-02   1.1508550553543179e-01   2.7458988308107080e-01   2.1051676434507988e-01   3.0032200267853981e-01   3.3276322980995990e-02   2.3417600197225757e-01   5.7520079758671863e-02   2.3981505391375324e-01  -2.3666702737251061e-01  -2.9105217104426501e-02   4.1028663285190510e-02   2.8270248907301959e-01  -1.1877484284805198e-01   7.2618409302544512e-02   2.6508058106365384e-01   1.6473385828185111e-01   5.5226839496831981e-01
  -1.7202545625796808e-01   3.8078152316433495e-02   4.3849507785271724e-01   2.2465936107662871e-02   2.3356888076732721e-01   9.0849981570478772e-02  -1.9575681862028890e-01   3.2009136727733561e-02  -1.9163297988814706e-01   3.4831941446484205e-01  -3.7572147530117422e-01   8.5623316565897903e-02  -2.0452637892430483e-02   3.6992063895752779e-03  -1.6979111888316595e-01  -2.5314824183888540e-01  -4.1630100049454816e-01   9.4588207643229782e-02   3.0054514666677834e-01   3.9340895809077091e-02
  -2.1798747075692271e-01  -1.1599592960738907e-01   2.2776621065458960e-03   5.9624539178195560e-02   3.3139072336737706e-02  -4.7160964374001257e-01  -2.3888827975185570e-01  -7.4033683947341125e-02   2.6527573388541496e-02  -4.9204799428664980e-01  -4.3199227258733451e-02  -7.9666784462239029e-03   4.1509614431548097e-01  -2.6299088325599473e-01   2.1669253795140925e-01   8.6056502704723644e-03  -1.8537162241369326e-01   1.8373220256661847e-02   2.7554436629042045e-01   7.4400688017374234e-02
  -2.1237386305906578e-01  -4.3448777964979529e-01   1.3341901709807114e-02   3.5683112933486955e-01  -3.7598166038252917e-01   2.9738294112764074e-01   8.1917687930355670e-02  -2.0279371856355655e-01  -2.5303973858761619e-01   1.6873191933953407e-02  -1.9708381979011055e-01  -4.5068766452590663e-02   6.0011041181230060e-02  -2.9701885053380058e-02   2.4342890468802666e-01   1.8268940076224466e-01  -1.6765248205852090e-01   1.9755552108212943e-01  -2.2138781791630599e-01  -2.0621568290297981e-01
  -2.4837832159944145e-01  -8.7097987063444113e-02   1.8030814743393689e-01  -3.1336205977739606e-01   1.7246398427273178e-02   2.5524523519018061e-01  -2.4675291905635097e-01  -7.3478275466288809e-02   1.3346956610263480e-01  -1.0791266878537953e-01  -4.5759660589184604e-02  -5.9047570029064445e-01   2.0892086806321200e-01   9.4707468651549595e-02  -9.7009623998817004e-02  -1.3872858524406123e-01   4.5259366724626028e-02  -3.5926283631102235e-01  -2.6747530043545625e-01  -6.4279011723664334e-02
  -1.9494250784743042e-01   4.2677477361379661e-02  -5.0096024145440643e-01  -3.2585812710389940e-02   7.2167065346531098e-02   7.1295250881329139e-02  -1.4255284706866869e-01  -1.7820999185333111e-01  -4.7766739191946395e-01  -1.1837131357548163e-01  -7.3021907801116157e-02  -1.9699959245751822e-01  -2.3755922881362104e-01  -2.0111233559355704e-01  -3.7866561566876322e-01   1.7998967362131758e-03   6.1926035942781614e-02   1.0774476425099794e-01   4.6341015198668192e-02   3.1874784865183614e-01
  -2.7829652725739207e-01   2.6273629658174097e-01  -1.5223861813949371e-01  -9.8293880838121434e-02   4.1829794192593589e-01   8.6584375659069443e-02   1.9146591754578479e-01  -7.1026469915332971e-02   2.9132345603960769e-01  -2.0289031741823943e-01  -2.9645174862129481e-01   5.9102438014410411e-02   5.5238264646836718e-02   5.3098016007637278e-02  -8.0871967731025021e-02   1.4092683470840109e-01  -3.3293494016839266e-02   4.3972727093453079e-01  -2.1432937494140061e-01  -3.2622219451166007e-01
  -2.3998616293016808e-01  -3.8556952559880224e-02  -2.2725657739271321e-01  -5.4393955034404706e-01   1.5522863779710811e-02  -3.4743396583183442e-02   9.5779643394831346e-02  -2.7678921198778374e-02  -2.2273467161428478e-01   3.4160908723652039e-01  -4.0264476793832341e-02   5.3682273171409417e-02   2.5211392002745723e-02  -1.1317046854111079e-01   4.8211982543198711e-01  -7.6196093948184565e-02   2.0311550207607496e-01  -3.9970633041909252e-02   2.3733850879119406e-01  -2.4563002154925673e-01
  -2.2710273311416998e-01  -2.9425952218935797e-01  -4.3650482902641584e-02   1.3153880874616600e-01   2.4442016910359374e-01  -4.3479604870359573e-01  -2.7762086168454181e-01   2.1170547143536528e-01   9.9986825731003648e-02   3.4049075827462177e-01  -1.6513544197498883e-01   7.1974528427070389e-02  -1.7033296868104308e-01  -1.1693993535179576e-02   4.4041566358818091e-02   2.0122030800618701e-01   1.7042336839679040e-01  -9.8162656355297737e-02  -4.2745728034460445e-01   1.4347828534380322e-01
