-3.2670997288815656e-001 -1.8824162862069599e-001 -8.4632423309611363e-002  7.9035262852970245e-002  4.4762777686223604e-001  4.2773009495199321e-001 -8.4653047284035943e-002  4.5205437103022122e-001 -3.9021008533080381e-001 -3.1194486499701618e-001
 -3.1081070143846518e-001 -3.9541745503313408e-001  2.2171718893178177e-002  7.6874324825979068e-001 -1.1371013765027858e-001 -4.1562962326277639e-002  3.0476248328719824e-001 -1.4557372738648036e-001  7.4388919644586368e-002  1.4601681180779380e-001
 -1.0596932922667730e-001  2.1877188396512615e-001 -4.5020421547288042e-001  6.3649144042598749e-003 -6.1027861033712927e-001  5.7645530255824695e-001  7.1484771895464648e-003 -1.0274447368219622e-001 -1.4379819891071435e-001  4.6463626567554400e-002
 -2.1860220237064915e-001  8.1693140716730811e-003  2.0036594432883387e-002 -2.5836862952697298e-002  2.5486713676710582e-001  1.7950830471502994e-002 -4.4027253642780995e-001 -4.6923178485552197e-001 -4.0816232345503084e-001  5.5243369245967378e-001
 -2.4790858773666263e-001  8.3576423304264302e-001  2.8748046349022982e-001  3.6653629805343635e-001  5.3577242818947435e-002 -6.5330840982872701e-002 -1.8056617686841050e-002  1.0725550435772088e-001 -1.6367210217921657e-002 -6.1719480348878239e-002
  3.7847176970314325e-003 -6.8197740933634413e-002 -1.7020188624324264e-001  2.2319171313937192e-001 -1.2085790709428558e-001 -2.4351517939239814e-001 -5.4844749307103746e-001 -3.2971518836084268e-001 -3.1170700543192719e-002 -6.5739400224131628e-001
 -2.2523279094777540e-002  1.8409895023330464e-001 -8.1924565911984815e-001  8.7451437207422711e-002  2.8764407897494959e-001 -3.7927399877990298e-001  9.1036065824774193e-002  1.5107808571863338e-001  7.0959759584184295e-002  1.5509271904285354e-001
  1.4040194204403042e-001  1.5904888140287732e-002 -4.9037309181502987e-002  1.7918931538566082e-001  2.9611653416713529e-001  4.5887204852747154e-001 -3.5878132717665395e-001 -2.7534902100978476e-002  7.0813105882752714e-001  1.2782994170328124e-001
 -7.6439125311917289e-001 -1.0396490111308937e-001  2.5412007356765021e-002 -3.3942780805061534e-001 -2.2255658591138849e-001 -1.9339838595880832e-001 -1.9602573138607593e-001  1.8071100021734743e-001  3.5806329018259092e-001  5.3047734448446182e-002
  2.6768245484351272e-001 -1.1034208577996130e-001  5.8590872107796260e-002  2.5089437968448269e-001 -3.3446888012746334e-001 -1.6526801787725953e-001 -4.7906606625005865e-001  6.0602406525469010e-001 -1.3781970746801833e-001  3.0796617127465375e-001
