  -2.1158567915455362e-01   4.0175965026692645e-01  -1.4067090080118783e-01   2.8576812629684079e-01  -1.5026719211288597e-01  -2.8384817498663256e-01   2.6521379369470593e-01   6.2568296036466367e-02  -3.0086982502607668e-01   4.0132348376538382e-02   4.1203940847637122e-02  -2.5194704722876593e-01  -9.9785934665194836e-02  -1.6713047064663233e-01  -2.4635417003756940e-01   7.0883379218722550e-02   2.8463508547561300e-01   3.5140420759199958e-01  -9.3487239428271404e-02  -2.0201705163690231e-01
  -1.8950351143424551e-01   6.6159437035891819e-02   4.9282181019937027e-01   7.6688173412641725e-02  -3.8844526104251748e-01   1.7706823603250677e-01   1.0574716635777699e-01   9.5912670739655384e-02   3.0875009191182184e-01   3.8233835542910583e-01   1.2142047829250123e-01   1.8781577552956952e-02  -3.5373644300802992e-01  -4.8143606140779609e-02   8.6809664715598797e-02   2.4673029498647106e-01  -4.3705029117949740e-02  -4.7648756014079717e-02  -2.1561519228168363e-01   7.2096840607633855e-02
  -2.4377864868750898e-01  -1.0189616554432478e-01   1.6691105777580170e-01  -2.0451784022437644e-01   1.7538660414575510e-01  -7.5515920912800780e-02  -3.3954385567641610e-01   1.8567905944984273e-01  -3.0776042044944666e-02   3.3023077885086199e-01  -2.6882841788041682e-02  -1.4487125568363174e-01   7.6667976551655387e-02  -1.8057944870593592e-01  -2.0358081925817004e-01  -2.9777489363101467e-01   3.6367938188066168e-01   1.2607711995207060e-01   8.9859579034019157e-02   4.6661301458212029e-01
  -2.0594065276870033e-01   6.8941138139110736e-02   9.1605260741716280e-02   4.4977068419857508e-01   3.8474569967600741e-01  -1.9519606398229622e-01  -8.0322176728084144e-02  -2.3143196343938266e-01  -1.3859640227797451e-01   2.3224525408850477e-01  -1.3740515617980453e-01   1.7188790542152646e-01  -9.3448303537494920e-02   1.7472066049943230e-01   4.6705307609019212e-02   3.4047796499375771e-01   4.7833868963961960e-02  -2.9936527022893983e-01   3.3932275591826955e-01   1.0010325042836235e-01
  -1.8636225474548271e-01  -2.3637285370070973e-01   2.9877067989461624e-02   1.7009803229003054e-01   1.2216366442324023e-01   9.3137396664040015e-02  -4.1656989484547902e-01   2.3045716239901085e-01  -8.9681768248501867e-02  -2.1517767539673266e-01   1.8424229311289325e-01  -2.4458309975719827e-01  -1.2714392547501985e-01   2.5632167034295245e-01  -4.2100766534503342e-01   2.3001376150637551e-01  -3.4060665948155300e-01   1.1047274080173583e-01  -1.8815918416996125e-01  -7.4699117363937140e-02
  -2.4542990283657432e-01   2.1154157322317993e-01  -1.8772415246157559e-01  -1.6373149320957302e-02   3.1864486645502715e-01  -3.6240424583524738e-01   3.5154063232723930e-02   3.9853323568008786e-01   2.4566861082737990e-01  -1.0853896962168461e-01   1.1272065706689953e-01   4.9262469160447499e-02  -2.6618373161682973e-01  -2.2014121971603579e-01   2.9495757352113083e-01  -1.9293085113110722e-01  -3.2191702399001904e-01  -1.3272563562078549e-01  -1.0819370011394913e-01   5.3034701319053648e-02
  -1.6631949804472088e-01  -1.5554774809477617e-01  -1.1121165991116359e-01   1.1408149085105268e-01  -4.1469678920353520e-01  -2.7108440291107283e-01  -2.8537688469177400e-02  -7.0767852238406273e-02   8.6359200151017897e-03  -1.5415865690753110e-02   2.7965015337666238e-01   6.0502743617185462e-01   6.3198836066911221e-02  -4.0877077515429787e-02  -2.8444323777026842e-01  -1.6530665159144020e-01  -1.9318877547292490e-01   1.0852461851453220e-01   2.1850024465088810e-01   1.2712856983413420e-01
  -2.4781610449872643e-01   3.0807992159289338e-01  -1.8919855383288847e-01  -3.3121466288453388e-01  -3.0502552211234855e-02   1.8053443841441474e-01  -1.9960578752487457e-01   8.1694969183972052e-02   9.1030655035161858e-03   1.5585245840977874e-01  -4.5350235726210036e-01   2.7832310777810149e-01  -1.1076736016003584e-01   2.9225928119441191e-01   6.4538600381899444e-02   9.7883638880483514e-02  -1.2579447046327927e-01   3.9154757990841327e-01   1.1084938519831244e-01  -1.3334690293137508e-01
  -2.6682951990851383e-01  -6.1820075767993740e-02   2.8691172475375665e-01  -5.3453247930427805e-01   5.4958596151066519e-02  -1.6142388269142444e-01  -7.5233011907007361e-03  -2.7564522238578359e-01  -9.0346424614251949e-02  -3.5944104890380274e-01   1.2827301074753900e-01  -3.0120593530742486e-02  -1.9839291287863026e-01  -2.7538827037393815e-01  -2.1745950164535111e-02   2.7982830543713966e-01   6.5419080226637102e-02  -1.7078445452246398e-02   2.5296785015446960e-01  -1.8590625090789478e-01
  -2.1241827415982606e-01   4.8685841224217713e-01   1.0473606743120002e-01  -9.0870313412049139e-02  -2.0582289410126689e-01   9.4754050605117351e-02  -5.5524049336667457e-02   1.6782662665454356e-01  -7.4889411454729868e-02  -2.2842011370589008e-01   3.3313143908685156e-01  -1.0756186106094746e-01   3.4797934770967687e-01   4.0045705565562562e-01   1.1754907808133094e-01  -2.7517750496775798e-02   9.0518836906865768e-02  -2.8774239636207516e-01   1.5755584702171091e-01   1.5445468412074811e-01
  -2.5089186969827559e-01   9.2203239133449424e-02   3.7682218809442314e-01   7.8703904079646322e-03   3.1422036956869742e-01   2.3945071077339766e-01   2.8188769193878210e-01   4.2462464719018038e-02  -1.7568709968244950e-01   6.2130376580387649e-02  -9.0924281620552133e-02   2.5729440595215247e-01   3.9734377724056696e-01  -1.7823935042094030e-01  -2.3163894597257798e-01  -1.9448281095846881e-01  -2.3335511273821349e-01  -6.4121906326201808e-02  -2.1405906967955585e-01  -2.3333948310035585e-01
  -2.3557079246636900e-01   1.2163580372697308e-01   1.1155601593779038e-01   3.5408997750628546e-01   4.2446213113424253e-02   1.8552435532279565e-01  -1.3532491568990526e-01  -4.5102010521540220e-01   3.3279156753078609e-01  -3.8225514694716400e-01  -7.7143958686464453e-02  -8.8491940064860719e-02   6.7758014444443432e-02  -1.1165306226506785e-01   1.8048927264933579e-01  -1.8121539094775910e-01  -2.7335768221513193e-02   3.6375730487352620e-01  -4.2370945555683354e-02   2.1435399130232033e-01
  -1.9358529800822352e-01  -2.7120599768806386e-01   1.3418965234859109e-01   2.7299840746056955e-02  -4.2168520766732963e-02  -1.3371193640527795e-01   2.8707428549196562e-01   1.6104396445951005e-01   2.1033797885739100e-02  -3.8760720877544141e-01  -3.5768502367666155e-01   1.6407354053769652e-01  -2.2537802842432078e-01   3.8979909342137242e-01  -7.0128470478959024e-02  -1.6413810508081833e-01   3.6601324730246987e-01  -1.2082465035888018e-01  -2.1325267974682721e-01   8.9647340958056237e-02
  -2.5130049551410255e-01  -8.5977084775385376e-02  -2.2475961228353902e-01   1.6328795159146306e-01  -2.9179681157460696e-01   3.1165187562988322e-01  -3.5377220092695255e-02   2.0706382711352467e-01   9.8734351890922986e-02  -1.0479422712413111e-01  -3.5703055248696780e-01  -1.8474132663913842e-01   4.9566089248061097e-03  -3.6873175767722038e-01  -1.3986330493984589e-01  -3.1214773946200588e-02  -2.0390868854764991e-02  -3.7504799193672556e-01   3.6255388203008054e-01  -1.2041825639873174e-01
  -1.9684161705605452e-01  -1.3420678626222934e-01  -3.5068219652368959e-01  -4.5995177080062455e-02   5.6088210826694830e-02   1.9149280291898432e-01   1.0023328205565460e-01   1.0665185166290136e-01  -5.7396482501573615e-02  -8.9391072300946200e-02   8.6294331907317057e-02   2.2385607050678197e-01   2.5310617817995307e-01  -2.2312914798900554e-01   1.3446642064905553e-01   5.5322560727501213e-01   1.8423463942606463e-01   3.7081734899224915e-02  -3.1641258480381795e-01   3.3859230581872524e-01
  -1.7947703327908837e-01  -9.1839186536649520e-02   4.1487019531405551e-02   2.3183541319958371e-02  -3.1122037857665835e-01  -2.7703247024388200e-01  -4.2567816849265944e-01  -1.7112902299164659e-01  -3.5699147220240729e-01   6.6289460251235749e-02  -2.0332774001774465e-01  -2.9558799710057749e-02   1.4595724219387074e-01  -8.3942534143249037e-02   3.5335165905053562e-01  -9.2412076465430038e-02  -6.3395301569886153e-02  -2.0149610961339745e-01  -4.0943557906222178e-01  -1.5794068878829501e-01
  -2.3333384901731191e-01  -4.2850131822728024e-02  -3.0235151057563875e-01  -4.6593911937579488e-02   9.1811757342255634e-02   4.3776382746674208e-01   6.2970544082035451e-02  -2.8192387053740953e-01  -3.1037299434652627e-01   1.2440453648556868e-01   3.2983053303078386e-01   3.7290276748539297e-02  -4.3717825410912298e-01   7.2784835664919723e-02   5.7031734848567481e-02  -3.2879235413266539e-01   7.7548194970162271e-02  -1.4958271424140576e-01  -9.0835572698821462e-02  -1.4590957161142577e-02
  -2.1395879373376500e-01   1.5074522863942679e-02  -2.6657902124334293e-01  -1.3468095784386530e-01   7.2571391325520165e-02  -1.6002015294780075e-01  -5.4500130642273222e-02  -2.8561520384284073e-01   5.6989438453426366e-01   1.9700865849337870e-01   8.2698753146053336e-02  -6.5829312845591584e-02   1.9623113724522875e-01   1.4651470118464358e-01  -2.7923762198729440e-01   1.3269783279553546e-02   2.0212714906148915e-01  -2.1743871591432803e-01  -2.2384554100528273e-01  -3.1343632633603741e-01
  -2.3128188908565647e-01  -1.7535517895396155e-01  -1.1125494302159847e-01  -1.7715396511075485e-01  -9.9907003057902469e-02  -1.5941913959627355e-01   4.3339337585888227e-01  -2.1833214096550063e-01  -7.3908128684091204e-02   1.6942662848472825e-01  -1.4695062002326079e-01  -4.1029037691565118e-01   1.1902978279268348e-01   1.8392193555589781e-01  -1.3572713432645059e-02   1.5212716805682572e-02  -4.5258337437667573e-01   2.9463991670772901e-02   4.9644329845244396e-02   3.4702674822145901e-01
  -2.7088479421113404e-01  -4.4158022472233222e-01   3.1326201484486525e-02   1.2343555568035804e-01   4.3050771523855218e-02   1.7600585019947320e-02   1.0355742448221741e-01   2.1831732619896499e-01   5.0523351721845376e-02   1.3657766738134303e-01   2.2442752648205969e-01  -8.5218118435340301e-02   2.1002767024916452e-01   1.3997454268623458e-01   4.3528618275890074e-01  -4.1455731093036352e-02   1.3421441921463115e-01   2.9418677241876923e-01   2.6922808614338134e-01  -3.7958496765196259e-01
