  -2.4279763320785194e-01  -7.8549417789240697e-02  -3.7793032493884038e-01   2.6823787554719947e-01   6.6987202008329236e-02   2.4254383465148829e-01  -2.3070162989373549e-01  -6.3293207698386866e-02   1.0518830944711180e-01  -1.0882060530459453e-02  -2.4598775318373176e-01   2.7605836482709767e-01   1.9305157529083272e-01   1.0752270674341409e-01  -1.1009647234356099e-01  -3.5599831830530942e-01   3.2137570681976979e-01  -2.6907902664231148e-01  -2.6297824714586387e-01  -1.3828102012327587e-01
  -2.6270276154155031e-01  -1.5185629978287044e-01  -2.5454602192495407e-01  -2.2088050385917460e-01   2.5696672774527313e-01  -1.3499902908583944e-01   1.7516478740433095e-01  -5.9796002655022856e-02   3.1542785887433650e-01  -7.3101874162410208e-02   3.7140833110251892e-01   3.3620508205930244e-01   1.5342644404481887e-01   3.0334307525650872e-01   2.7567019428670186e-01  -6.1822721885821601e-02  -1.3329562567333220e-01   4.4518383472975036e-02   3.0692678860557798e-01   1.0337823611619285e-01
  -2.2792696104883634e-01  -2.4742507546353060e-01   3.3931304561260650e-01   4.9011041854392012e-01  -1.9762930585744781e-02  -2.8955945062153882e-01   4.3822002261173287e-01  -1.0452956980881910e-01   5.3708516816719501e-03  -6.2719752902903783e-02   8.7944531660914010e-02  -2.4119059115675781e-01   1.9075698737956134e-01  -2.2878452436452416e-02   5.4160072946262461e-02  -1.3173701662189327e-01   7.2537308911775719e-02  -2.3091728106385989e-01   6.8007287573573341e-02  -2.3240329998537176e-01
  -2.3984259736425792e-01   1.9422405335594317e-01  -2.3741941197370822e-01  -2.5418613533262963e-01   4.1247420753648893e-02   1.5860401198518939e-01   1.2620271348575479e-01  -7.6485967437422933e-02  -1.0671502999565982e-01  -4.8791824264654504e-01   1.6298533399260677e-02  -3.7283503164678850e-01  -1.0813205904517244e-01  -1.1479293850965194e-02   2.6112865929965234e-01  -2.8212319607591036e-02  -1.2687821043806471e-01   4.5770680696158986e-02  -2.5037230298372415e-01  -4.2980053601255142e-01
  -2.2807051114892171e-01   2.1179408956978610e-01  -7.9647939661084480e-02   3.9727198299027039e-01   1.7704512237254305e-02  -2.1521311255256713e-02   6.2448593482930019e-02   1.6150816118185723e-01  -1.0602879927632654e-01  -1.1012414960951868e-01  -5.6020422659545321e-01   1.4143966524499799e-01  -1.9436104292729039e-01   1.8486281602781438e-01   1.4788518252866636e-01   1.0370039740857992e-01  -2.4191563610864456e-01   2.4573296774989895e-01   3.5475900090313284e-01   4.0712083076912008e-02
  -2.0626765643040515e-01   1.8225338257610188e-01   2.3493868939553217e-01  -1.0453986320164142e-01  -1.4582876555996932e-01  -8.4377160426771750e-02  -1.8827831240313592e-01   1.9861349688054991e-01  -3.5080287535579659e-02  -1.0908582270975870e-02   2.1389144485924046e-02   4.5865471652752993e-01   1.8885243695231835e-01  -2.8919826998769382e-01   1.9768394452149166e-01   3.8716807502846634e-01  -7.0071810145485663e-02  -3.3811282686939803e-01  -5.7346873167140600e-03  -3.3928980216311477e-01
  -2.3561456731831587e-01   1.3523814063359893e-01   2.5899582431282214e-01  -2.7049220353893844e-01   3.1173169160491936e-02  -2.8416862477683807e-01  -4.9158367089756141e-02   5.9338497080857022e-01  -1.2879402371844428e-01  -1.6226579435175043e-01   1.4711665982359137e-02  -1.4601025135650141e-02  -2.6517955902138905e-02   2.6702407620866697e-01  -2.5989843426564496e-01  -3.3859360669975169e-01   2.1570028697598881e-01   3.9679431286021700e-02  -4.3363812226044379e-02   4.6675695971158879e-02
  -1.9471091989510733e-01  -2.7218364472506756e-01  -3.6155122560823733e-01   9.5023097012858493e-02  -2.4884022697045755e-01  -6.4368275260678190e-02   1.1654652660396797e-01   1.4864156671746756e-01  -4.4047533186318277e-01   2.1749726754506465e-01   2.3396594598891882e-01   2.7326326499549903e-02  -8.8687016926520063e-02   2.9241882399081648e-01  -2.2979751485967109e-01   3.4312551023099175e-01  -1.7609099582709209e-01  -4.2478012788826680e-02  -2.2815357514414975e-01  -3.0329640077827527e-02
  -2.4121556416067780e-01   2.2929038064018900e-01   2.1138322723397221e-01   1.7391674517717498e-01  -4.1429620392817050e-02   2.0401337912499182e-01  -1.4373772313907957e-01  -3.6833013684047244e-01  -2.6570594823518678e-01  -3.9791901690690556e-01   3.0807572214606405e-01   1.3417465404036791e-01   2.1792397232106372e-01   2.8402026695124847e-02  -2.7664126084285207e-01   1.2052885393963536e-01   1.0492358577050909e-01   2.3450493940706366e-01   6.3114212440300646e-02   2.5189846692015755e-01
  -2.2851994289032881e-01   1.7309820896015304e-02  -1.2504123619835547e-01  -2.8660091378888380e-01  -3.0519046117469105e-02   3.5249475901991190e-01   4.8020543884829686e-01   1.5063889538156269e-01   2.5456171243018858e-02   1.0524062922089904e-01  -2.4350833350118725e-01  -1.4685045737968769e-01   3.3241362599909235e-01  -2.3906321546493089e-01  -2.1369552258248176e-01   1.8980452173664986e-01   1.8959756916507806e-01  -7.9410545795882623e-02   2.2200619741256844e-01   1.9432893339654764e-01
  -2.3632268012024585e-01   2.7277578730066976e-02  -1.2019987832018613e-02  -2.9052348052610293e-03  -5.5154478443023602e-01  -7.4552359990280717e-02   2.0172061583251835e-01  -5.3638660240470037e-02   1.7732677191176460e-01  -6.8761840400417454e-02   3.0341435574786971e-02   1.6221349400310436e-01  -3.7163545817795274e-01  -2.0831498696615389e-01   2.6910367834339471e-01  -1.2861053314511511e-01   1.6731394716227985e-01   1.3403079074489071e-02  -2.5219668158863690e-01   4.0531163379932572e-01
  -2.0235015435123918e-01   3.7308112676048477e-01   5.2703086876836865e-03  -7.8469277064019710e-02  -4.1420636495405694e-01   4.9258637141034768e-02  -7.2383519766628240e-02  -2.1238806942712996e-01   2.1355629502889259e-01   3.8349140513299523e-01   1.0647914911323811e-01  -1.2134464671540156e-01  -1.5776247094907350e-02   1.2330012842159298e-01  -2.6526283537262901e-01  -2.7663688694246308e-01  -2.6114149282528626e-01  -1.9116077944848028e-02   2.5390896677632757e-01  -2.7428050053519726e-01
  -2.0252253212864979e-01   3.0231431185343222e-01  -1.4602812576047614e-01   1.0942450358524126e-01   2.5273288385479781e-01  -3.4502208751350727e-01  -8.4928412229692593e-02  -8.1607535613643575e-02   3.9115981406014350e-01   1.0993286265740795e-01   2.9120509655009782e-02  -2.2198746351052012e-01  -1.7604768197715423e-01   3.7897127980656996e-02  -1.6714190347738664e-01   4.7026061206172443e-01   3.5531788201977199e-01   2.1437448893929942e-02  -1.1860047863743031e-01   1.1931109312021812e-03
  -2.4025007778789714e-01   2.7136479254841123e-01  -5.7409232592124521e-02   1.3206330029903278e-02   2.6626601186301230e-01  -9.8477503865852759e-02  -1.2025466659770268e-01  -6.2484635529375193e-02  -4.4840403856991717e-01   4.5685968208759148e-01   8.1672721358713909e-02  -1.7693229480581898e-01   1.4013597761985211e-01  -1.5531983846030503e-01   4.1684861650510630e-01  -1.9504937489068458e-01   3.7739037239679592e-02  -3.2211310191462866e-02  -4.5193197653872155e-02   2.4160686660085059e-01
  -2.0354016764400304e-01  -3.2987068841344458e-01  -4.4860220829432529e-02  -2.8602865200707833e-01   9.9523461199773955e-02  -2.8307736622747887e-01  -4.3948417263233973e-02  -3.5253401306685378e-01  -2.5761266241943709e-01   3.9142714951775855e-02  -1.8827536383069746e-01   1.8041736260447697e-01  -2.8759942438033703e-01  -3.1959260124418176e-01  -2.0746289323781386e-01  -9.2953849547517162e-02   1.8011200798816832e-01   1.8863612702114407e-01   2.3031096674887813e-01  -2.3703759847193437e-01
  -1.7870576188198567e-01  -1.6446700787006263e-01  -1.3792757365038422e-01   2.4617247936078593e-01   1.0086906801392449e-01   2.5236345829652085e-01  -2.7142569039043501e-01   3.5659720792905408e-01   8.1552615810350101e-02  -9.2540307505167521e-02   3.5871102933454879e-01  -1.9089171677107666e-01  -3.2113816975831450e-01  -3.9785339116322760e-01  -7.5116560184647768e-02  -6.5889651810801947e-02  -5.8533308633316419e-02  -1.2827876147644371e-01   3.3722402330304629e-01   3.6934854435865118e-02
  -2.1161193071982301e-01  -1.6856313396920769e-01   3.3248984394363434e-01  -2.0653050036583609e-01   1.1850143663735807e-01   2.2163199424696586e-01  -1.4961717609224373e-01  -2.3525449444130009e-01  -2.3805351947943195e-02  -3.0852525020736120e-03  -1.7810696406248178e-01  -1.3717119849347845e-01  -3.1425271781060110e-01   3.5794433381302715e-01   4.0842356492378988e-02   1.2943681944437896e-01  -7.6035836628895209e-02  -5.3123517878704185e-01   5.5007656147046231e-02   2.1278147474179632e-01
  -2.1374122046887423e-01  -2.1243379794386985e-01  -7.4238522610730009e-02  -6.3406211591104003e-02  -5.3509594009034690e-02  -3.2305433916680698e-01  -3.0002886561459058e-01  -3.0965976268993663e-02   1.8200152638993777e-01  -1.5340518719554505e-01  -2.2778069950875909e-01  -2.1204706220251418e-01   3.4417561647633027e-01  -2.1196442940196372e-01  -1.4907639039232887e-01  -1.4131073745017606e-02  -4.9563828204695137e-01   1.0501798253393197e-02  -1.8732348955618675e-01   2.8509409863275081e-01
  -2.3487026375353667e-01  -3.6624494701602900e-01   2.2691068186706626e-01  -3.0421046047953048e-02  -1.9442384657364889e-01   2.3047104109247515e-01  -2.9541643137965523e-01   9.5451392662390180e-02   1.4452743143921845e-01   1.9297951295828644e-01  -3.4532114520820077e-02  -1.8845603499155233e-01   1.6158520785353178e-01   1.6226092860719904e-01   2.9555701031530501e-01   1.4725047176198039e-01   2.3462842528748692e-01   4.8417352836086830e-01  -1.0874346881561683e-02  -1.5837337284367153e-01
  -2.2280761945038638e-01   7.7076443749603027e-05   2.9637700303526127e-01   5.2700750508177331e-02   3.9362712566721408e-01   2.6163273635616463e-01   2.4216255029161585e-01   4.6305586087660812e-02   1.5804785298422669e-01   2.3186964799238191e-01   3.7411197902329302e-02   2.2972823913058860e-01  -1.8153148884795270e-01  -1.3864090420385153e-01  -1.8125805659256050e-01  -6.1886122481917771e-02  -3.2163100196519007e-01   2.4492466684300843e-01  -4.3250068996850044e-01  -5.7367535518090519e-02
