-7.1619745683783642e-001 -1.8800944675633971e-001 -8.6919743323286752e-002  1.6444057414805310e-001  3.8941385555066949e-001  3.7141685611983288e-001  1.8418076400400055e-002 -1.9778854295367110e-001  2.7578842094916478e-001 -1.0956955894509902e-001
 -6.8125326745719417e-002 -4.8167517742048610e-003 -2.5707479473506240e-002 -5.8421128777656442e-002  2.3305382231837174e-001  1.7214766214572852e-001  5.9162051003721523e-002 -3.0603639039511948e-001 -7.2694068244596899e-001  5.3076525693577947e-001
  1.1066774574561934e-001  9.7931487468416692e-002 -2.1553724280086942e-001  3.6015348793491692e-001 -3.1478519513460132e-002 -1.5403653078739796e-001  5.0287041373139474e-001 -4.4122450369163552e-001 -2.3482469731804978e-001 -5.2400069824888085e-001
  1.0738299034840355e-001 -1.3868619093049811e-001 -6.5984439056910948e-001 -1.1134014421829383e-001  2.7671981470525964e-002  1.3599579174412635e-001  5.2071852296419741e-001  3.6236785323933091e-001  1.5494781608286459e-001  2.7516563282901363e-001
  2.4914858516571138e-002  2.3794067833129262e-001 -5.8392599490912089e-001  1.6052066584307373e-001 -3.4668001788548553e-001  9.1161085935249853e-002 -5.1480715201724792e-001 -3.7371210786857761e-001  1.4061385668940637e-001  1.5188895058003707e-001
 -2.7203833986740822e-001  4.2874480441991447e-001 -3.0443283871443921e-001 -1.2539892512949249e-001  4.3264141543678353e-001 -5.2460684506599387e-001 -1.9112630032386496e-001  2.8129206682568975e-001 -1.8398911664981854e-001 -1.4788972172659626e-001
  5.5348870424843222e-001 -2.4080235595162904e-002 -1.1355159271298057e-002 -7.6605772643529149e-002  6.6494054305176420e-001 -2.1003812567238721e-002 -8.9450450148655852e-002 -3.3331596758443199e-001  3.4712978871675554e-001  6.9899349419486292e-002
 -8.0465009817380181e-002  7.4729653438684673e-001  1.7713350457588611e-001 -3.8505636812959210e-001 -8.3764564031805433e-002  2.9097080330143538e-001  3.1190711742747024e-001 -1.5854157535971566e-001  1.9727823934234309e-001  4.9070271134566301e-002
 -2.0411795195790211e-001 -3.5273044840391943e-001 -8.1125175620574738e-002 -6.6128603706330769e-001 -1.7955811612945077e-001 -4.1051439327901929e-001  8.6042607652596720e-002 -4.1513785379741625e-001  9.7101564471367419e-002 -1.0095026287640019e-002
 -1.7183589767710755e-001  1.0916134862746428e-001  1.9544239022483167e-001  4.4103430508212138e-001 -5.9303921093801892e-002 -5.0303347019280653e-001  2.4059875999134939e-001 -1.1777744633214884e-001  3.0639152632212691e-001  5.5104677960410642e-001