4.2378123013625318e-001 -1.0616460653418026e-001 -1.1732260737024015e-001  6.5390623234064649e-001 -2.2497519523925216e-001 -2.9767438069689961e-001 -2.7719327805269856e-001  1.9134568938796684e-001 -2.3502065044041096e-001 -2.4468903251871058e-001
 -2.5279125189475482e-001 -4.4975264057390829e-002  5.3065650523482527e-002  2.5238524886693225e-001  4.5033788124124041e-001  4.9844367663915945e-001  7.0936686075886796e-002  9.1247903645589323e-003 -3.1968627596565768e-001 -5.5587285879373471e-001
  5.9304161719845561e-001 -1.9850641027516761e-001 -3.0096990215695862e-001 -3.5927182368491339e-001 -3.7656096017960938e-002  4.8724387092968935e-001 -5.2417126794596952e-002  2.9866544389108440e-001  1.8967576429138863e-001 -1.4995882971872854e-001
  2.1761360522316581e-001  1.5610561761727579e-002  4.2938481838885234e-001  2.2312888178996856e-001  5.8222786333229548e-001  4.0429114928932516e-002 -3.5781942380810233e-001  1.0351131301228222e-001  4.0548982110955228e-001  2.7285102869114647e-001
  7.2274649013874634e-002 -1.3189949055798555e-001 -1.6159320848416142e-001  2.7428278039573747e-002  2.3160603790210316e-001 -4.1899552782564131e-001  3.9791012623915234e-001 -1.6944689710469979e-001  5.4992558154510351e-001 -4.8151090347535491e-001
 -3.0237020029482115e-001 -8.0258765566842971e-002 -6.2881363093589637e-001 -1.8125076298580889e-001  3.4305612506796573e-001 -2.4096429928147056e-001 -5.3731846445325682e-001  8.0412014023483927e-002 -4.8556332605596289e-002  2.4210139135306761e-002
  4.1419249292653768e-002  6.1203913133607535e-001  2.8977871416372092e-001 -3.6542724498332207e-001 -4.0635849679144465e-002 -2.3290546757777419e-001 -2.1998775101157567e-001  3.1990245334625961e-001 -4.6846833927520287e-002 -4.4425299969167259e-001
  3.6020161353650249e-001 -3.0483759664191656e-001  1.9326357791692167e-001 -3.4959509083985851e-001  3.7339827167504031e-001 -3.3980586727386691e-001  1.6028091193375046e-001 -1.2547919775513436e-001 -5.6366423990641479e-001  6.0947742519194159e-002
 -2.4477249991189293e-001 -1.9286938174102597e-001  1.9537397884469176e-002  6.1376321833854650e-002  7.7818453167783450e-002 -1.3828908245362517e-001  3.6938754909306581e-001  8.4257451878061895e-001 -1.3324248399008642e-002  1.6432578427533356e-001
  2.6348873753219076e-001  6.4691762636180172e-001 -4.0649977508044788e-001  1.9162615416815060e-001  2.9616308493221982e-001  3.8011323961950609e-002  3.6024191091364544e-001 -1.3969777912299128e-002 -1.3153588398328211e-001  2.7144080076430782e-001