  -3.4543434106934323e-01   5.6147066187153150e-01  -3.7512555470410026e-02  -3.1373372964565571e-01  -2.8145758811542315e-01   2.0004617979298006e-01  -4.0161122870252680e-01   1.7002626121329359e-01  -2.3558743217275124e-01  -3.1725537387859581e-01
  -3.4091803309749413e-01  -1.9729795835390047e-02   4.7659931799008168e-02  -5.8619683820988788e-01   1.8069232089072398e-01   4.1844052492476902e-01   4.4457079701941427e-01  -1.3129107783445828e-02   1.5678557890710490e-01   3.2763997790834420e-01
  -2.0513909224892296e-01   1.2688742710975351e-01   2.9255226647831717e-01   2.3212207982971222e-01   1.6536315641963345e-01  -2.0945563874719283e-01   4.7100073523691571e-01   6.2693688896899469e-01  -3.2002119084092984e-01  -1.1759374588617066e-01
  -2.7682347529111384e-01  -3.3439063734417646e-01   3.0110278866596696e-01  -2.0044269203583587e-01  -6.3151662823346444e-01  -4.0690163621161174e-01  -3.0442164950370904e-02   1.3205828234890640e-01   3.0782249541859796e-01   5.6643673386512959e-02
  -3.6447368157165577e-01   1.1245356742597692e-01   5.1567033042373012e-01   2.7354530967301871e-01   4.0608857874931048e-01   7.4775322142130826e-02  -2.5653120591132228e-01  -1.6186968313978739e-01   4.7408781228378571e-01  -1.6279316391401522e-01
  -3.4599530419131674e-01   2.9873295783432890e-01  -2.1691910254935029e-01   5.3202988277865726e-01  -2.8633820909842472e-01   9.3276768287592779e-02   4.4668637321204602e-02  -6.7763765856175801e-02   3.0508825957631890e-02   6.0226908195963058e-01
  -2.6931925226911785e-01  -2.0602332143398273e-02  -6.3408109832891557e-01   1.0758924971294176e-01   1.2884530586000109e-02  -8.3093010503728040e-02   2.8163823036912022e-01   5.9790048718412994e-02   4.3377440992437144e-01  -4.8505954005279389e-01
  -4.3524338897217330e-01  -7.2204880723136633e-02  -1.9599535810358315e-01  -1.8761882336212321e-01   3.6246176815970654e-01  -5.9026853038374438e-01  -1.4401866420157108e-01  -3.0254335628999385e-01  -3.4695472082727991e-01   1.3888029579834318e-01
  -1.4903572731052489e-01  -5.0128371609561878e-02   2.3115546676409018e-01   1.5541420326443511e-01  -2.8766422258488322e-01   1.4692449746031261e-01   4.0589239858226350e-01  -6.2270056356502435e-01  -3.3627866762732506e-01  -3.5744032740018572e-01
  -3.3015389850093879e-01  -6.6813611940858908e-01  -1.1487369114708433e-01   1.8728001574335881e-01   2.7945174634792735e-02   4.2924159663606498e-01  -2.9271685120577257e-01   2.1626927158435016e-01  -2.7465868136272970e-01  -5.8314105534303780e-02
