  -3.1115342674379870e-01   4.3354764989168532e-01  -8.8096583661682756e-02  -3.6802502022340544e-01   1.3828900471975347e-01  -2.9930271267861225e-01  -1.8895803555663546e-02   5.2379705626821871e-01  -3.4616530873299867e-01  -2.6222083360224413e-01
  -3.7998826589957391e-01   1.8149257092184892e-01  -2.3560146417938876e-01   4.3056337585711224e-01  -1.9266487681412559e-03  -2.6376821263058914e-01   2.0920812733298408e-01   1.8450900277145332e-01   1.8750212796246468e-01   6.3184685748978175e-01
  -3.5369548374593646e-01  -1.1413207305429026e-02   6.0960811351833644e-01   1.1129972170785900e-01   2.8717874683657084e-03   4.4803903755236463e-01  -3.9366331618421052e-01   3.3255921587476883e-01   5.8910144316694238e-02   1.4482918679320753e-01
  -2.6567412282052744e-01   3.3993274562027892e-01   2.3814573330160054e-02   2.3669402084187788e-01   5.2549958934964258e-01   1.6128337373881665e-01  -3.8443484380561020e-02  -5.7465811642806086e-01  -3.4654128433137160e-01  -5.7523355675669116e-02
  -2.8333182867179757e-01  -8.6986997568120297e-02   4.4516621481602264e-02  -1.3265424165414265e-02  -5.5695446525660763e-01   2.9650979029854974e-01   5.1023468237664260e-01  -8.7001126372358406e-02  -4.9390799291532189e-01   5.3452204160886526e-03
  -4.4856159670393203e-01   1.8616689468290020e-02  -4.0455723844785035e-01   1.2019601403411799e-01  -1.0848399323018322e-01   2.8067527663334629e-01  -5.5144965710249823e-03  -1.4990443944387848e-02   4.9636411250687279e-01  -5.3212069016176200e-01
  -2.7405369834905152e-01  -6.4503028340795909e-01  -4.2265895863876773e-01  -1.1064570846765390e-01   1.4162034008762911e-01  -4.8501068077260135e-03  -3.9590507636128547e-01   2.4704120865094228e-02  -3.3851972378990064e-01   1.6099958091315819e-01
  -1.3449161537695664e-01  -8.2056738031112894e-03   2.0709790380201287e-01   3.8182044735069620e-01  -4.3873027802366915e-01  -5.6315730977927592e-01  -3.8866606483594079e-01  -2.0802092128181926e-01  -1.2415243864514007e-01  -2.7164318960057565e-01
  -2.5924346642318552e-01  -4.8210279241568255e-01   3.9703640516865163e-01   2.9667312579257078e-02   3.8105809539777974e-01  -3.2057262876353948e-01   4.7394333341370887e-01   3.6169916917071672e-02   1.2723881550643618e-01  -2.2750675037865120e-01
  -3.4817265515948514e-01   8.3333835889434271e-02   1.4044722559971345e-01  -6.6123259658345424e-01  -1.5811853408867793e-01  -1.6570984977099565e-01  -8.1436702793816415e-02  -4.4472499292595735e-01   2.9142697018584418e-01   2.7032229662366319e-01
