  -2.8423442492508622e-01  -1.2388076700882369e-02  -6.8124799903648448e-02  -2.2936647498899640e-01   3.4528511110157603e-02  -2.8622491308842551e-01  -2.3297932959989773e-01  -5.7611404420585731e-02   1.5201514419967599e-01   5.8410344100085931e-01   5.9378234432742719e-02  -2.8419967765650550e-01  -2.2848531071267042e-01  -1.0717219615628031e-01   1.0845372500690190e-01   2.2711971915072929e-01  -2.8690473055440080e-01   1.0496112961393500e-01   1.3083114135572010e-01  -1.8715338082065738e-01
  -2.2707092153545144e-01  -2.5592758825804890e-01  -2.1571455430733411e-01   5.9216106636853595e-02   4.5347234899457184e-01   1.6645608212757285e-01  -7.0547475033315363e-02   4.8386108302039532e-01   5.5170410467478309e-02  -2.1700055829856391e-01  -9.0076570684110763e-02   7.1654486638686593e-02  -1.1182460601042361e-01   6.2161367435598421e-02  -2.4354863616626146e-01   2.9446275797879162e-01  -1.9368676027259560e-01  -2.0511461415522750e-01  -1.0619076517000767e-01  -2.0933229599909031e-01
  -2.2964849062447371e-01  -1.5495956953459289e-01   1.8981582516851836e-01   1.7335802645037743e-02   4.0413317397783527e-01   1.4531739378572270e-01  -1.4532444846405727e-02  -3.7788491973141214e-01   8.3982279745497976e-02  -1.4992150575353486e-01   1.1077430020736191e-01   1.7560030804612731e-01  -8.5284310731570563e-03  -3.1798765703549997e-01  -8.1126720042125525e-02   4.6058940296148043e-02   1.5675083137515061e-01   5.8696896758901029e-01  -4.2025031422708668e-03  -8.8435006437780850e-02
  -2.3719320328610310e-01   2.5913000398909913e-01  -2.9819983798798527e-01   2.1556829479717074e-01  -3.2421801022685642e-01   1.7522075098877082e-02  -2.2582196598186541e-01   6.0555124979425876e-02  -1.4972419877196713e-01  -1.5048389573999774e-01   2.0145021200607743e-01   3.3368787178635556e-01   1.0004573857597873e-01  -2.1627386597087611e-01   4.3814133941655259e-02  -2.5727202291269408e-01  -3.0809556393990567e-01   9.7654793535220830e-02   5.6490012969707792e-02  -3.8932798695525250e-01
  -2.5575849716114812e-01   9.5078894731314964e-02   1.5381182536722091e-01   6.1538886543297998e-02   5.5356479874128554e-02  -2.3152612829754914e-02   2.8178648554346530e-01  -2.1445373322474368e-01   2.2831718398224779e-01  -7.9571414925528203e-02  -2.9122424005562758e-01   3.3411119669483419e-01  -1.4136300601297944e-01  -1.7533443426359063e-01   5.2716675340418739e-01   1.1147901337104003e-01  -1.5752370076322311e-01  -3.7411161239273133e-01  -8.4408408828144169e-02   3.5353387258421340e-02
  -2.1377279966856783e-01  -6.9139774261577455e-02   8.9585272536476815e-02   5.1140473559241111e-02   6.7647958093714461e-02  -5.5915355956296875e-01  -1.8567641397887982e-02  -1.8578413580438152e-01  -1.7405243994683406e-01  -1.3004422459817808e-01  -4.8536504704281519e-01   2.4318122508920438e-02   3.4995653670986415e-01   1.7236026365280596e-01  -3.0293850497981267e-01  -8.5683233874478265e-02  -2.0837430632846562e-01   4.0069499364715135e-02   7.7068162496950934e-02   3.4033780466897347e-02
  -2.4360014115174689e-01   4.9199269079151242e-01   1.1653566045806620e-01  -2.3036927024921913e-01  -8.7468269196583723e-02  -1.5218564531809367e-01  -3.7572259506686479e-03   2.1178795589963165e-01   4.2474069736531045e-01  -1.3500375305671919e-01   1.1934014973170733e-01   2.4629148430237661e-02   2.3643862254517287e-01   2.4206057837292771e-01  -4.8020598975123938e-02   1.8615516216321523e-01   2.1219211467552743e-01   1.5965850201466594e-01  -3.4425107979684100e-01  -4.8077378382969556e-02
  -2.1939460213249665e-01   1.5210373193500179e-01   2.4494565794703779e-01  -2.8909788370414385e-01   9.0651664292792866e-02   3.4733754277105361e-01  -4.5742180007722022e-01   2.4104008009756112e-02  -3.2442758362149521e-01  -8.9780759732865437e-02  -6.9986841285553145e-02  -3.3193673202830697e-02   2.7872436358971225e-01   8.7286517849975917e-02   2.4272334934823167e-01   1.4119823273378021e-01   6.4991355391941411e-02  -1.3775966591511288e-01   3.5608352212795880e-01   1.1405715121295368e-01
  -2.2793890360775418e-01  -1.3516830049198711e-01   8.3687014369665608e-02   4.3700694184315374e-02  -2.4195979258323302e-01   2.3053894606255128e-02  -3.4938710619136759e-01   1.5948751166405875e-01   3.5927721393266054e-01   3.5352371634772194e-02  -1.1548174754837556e-01   2.7111906295416105e-01  -3.1174547496114180e-01  -6.4162723082829179e-02  -2.6338094928738920e-01  -2.3011176589320348e-01   9.3330867786514837e-02  -8.0942363293574279e-03   1.6814298931596322e-01   4.8624450156037136e-01
  -1.9300547432623386e-01   9.4492150011947468e-02   4.1288137334353281e-01   8.4608497488313936e-02  -2.3091410723625711e-02   9.3775623765738558e-02  -6.8798523450270210e-02  -1.3737288186829433e-01  -2.1887715752980189e-01   1.5566433676761648e-01  -6.2760673290187335e-02  -1.7889284510970750e-02  -3.6754534601871963e-01   1.9740869658376550e-01  -2.4541182274843973e-01  -2.3166870443556736e-01   2.6137499129220698e-01  -2.4902449421782402e-01  -2.1494990400082312e-01  -4.4985627828194297e-01
  -2.2047406161759864e-01   1.1693520853255257e-01  -1.3030911979170434e-01   1.4121341613842767e-01   8.2159879278344619e-04   2.4777991566589747e-01   4.1715314029078809e-01  -6.4294748507053023e-02  -9.5114063471527982e-02   3.8975281664966871e-01   9.2254738442193951e-02   3.3545128879605635e-01   4.7447725593537160e-02   4.5474031643591867e-01  -1.5932799466394024e-01   1.6201714677190174e-01  -4.4651016471212293e-02   1.2863580181736076e-01   2.9473021481086625e-01   1.1478368185832155e-01
  -1.9777653179667370e-01   4.4204795322121619e-02  -4.7388867938998169e-01   1.3838453743022194e-01  -1.9358843274920871e-02   1.0437904516400783e-02  -1.9018449033917798e-01  -8.6193390602221864e-02  -3.2000252408820251e-01   1.4467010605420140e-02  -2.8213667954715865e-01  -7.7077838192561185e-02  -2.2106519096806990e-01   1.5262361015487952e-01   2.5695495925433998e-01   8.3015002914789610e-02   2.6460492183409950e-01   2.2945898709143489e-01  -4.0252410208993616e-01   2.3065013193483255e-01
  -1.7953230858109562e-01  -1.7453989307844736e-01   2.2961350510984128e-02   2.5209027066202028e-01  -3.0344505030096153e-01   2.5388239245842165e-01  -9.4212619472415243e-02  -4.3188817598428125e-01   2.0260410874971718e-01  -2.7242569206702488e-01   1.8597088581345728e-01  -3.8192149533267639e-01   3.7111929177480726e-02   2.2510957602850720e-01  -1.0548248819098624e-01   2.2574313049468148e-01  -2.8860397599989052e-01  -1.0747835775843519e-01  -1.0648412597267691e-01   7.2487447020813250e-02
  -1.8543182359223548e-01  -3.9991316227004492e-01   8.2348115936152835e-03  -2.0969764484083384e-01  -2.2595852505475786e-01   1.6236240668848079e-01   2.1798591835831244e-01   2.1674764406998240e-01   1.6694691156623556e-01  -1.0362542880253527e-01  -2.4562849986764987e-01  -1.7128863986653992e-01   3.0465462531563309e-02   2.5389557208012259e-01   3.1323990562286830e-01  -3.3882383157597734e-01   3.6308570094405322e-02   2.8976392274260787e-01   1.3717071375095993e-01  -2.8113260054828704e-01
  -2.2491312879785796e-01  -6.5765835654703286e-02  -4.3103772190331513e-01  -3.5471796572554715e-01   1.8435162026614847e-02  -2.1279937269935464e-01   1.3728481305789275e-01  -2.6895073275611941e-01   1.7473383435894829e-02  -2.5330907058831353e-01   2.4226936307947147e-01  -2.0968568690210205e-02  -9.8479423597202867e-02  -1.6423733232871961e-02  -1.0663145332196697e-01  -5.1318328282758986e-02   3.9282240685403724e-01  -3.2562246440308606e-01   2.9062779331009647e-01  -6.5459084243646132e-02
  -2.1850195414335075e-01   2.1274217526093100e-01   1.5431395430104833e-01   4.5942369822486256e-01   2.7035097289450849e-01  -2.4818298519146023e-01   1.1219433949445129e-01   2.3652069114496790e-01  -5.2563298269103907e-02  -1.8766790501801719e-01   2.6452691726645455e-01  -3.4942201692044716e-01  -1.8713795134937858e-01   8.4726645870301237e-02   2.1934117076453771e-01  -1.9061950930672589e-01   2.8318347055955054e-02   5.9633671528338712e-02   2.8356729220344057e-01   1.6563280674549555e-01
  -1.8584945778283374e-01  -3.1832451533722167e-01   1.3771487993413634e-01  -2.7112651662156484e-01   9.4318278039908429e-02  -1.3545527500386056e-01   2.2726102006867855e-02   3.7352862030961602e-02  -2.4493634751880339e-01   6.1525569428304221e-02   4.8342739804114360e-01   1.8677995543539949e-01   7.2160986371364505e-02   1.5313015198037944e-01   1.2874594531541111e-01  -2.5816934602650338e-01  -2.4249505527700180e-01  -7.2062351271130420e-02  -4.0280365348508262e-01   2.6832837178879076e-01
  -1.9432736585035296e-01   3.8858011270441056e-02   1.9678063333471660e-01  -2.0748073419987906e-01  -3.8771844062762162e-01  -1.2187500088226869e-02   3.6014467478849715e-01   2.1309011905223949e-01  -3.8922269481491301e-01  -1.8872269313031428e-01  -3.6343566369734709e-02  -1.1049938814200466e-01  -2.3970334616896938e-01  -3.4024474709806257e-01  -1.8717673343931099e-01   3.2107394680576046e-01  -7.7309488215110411e-02   1.4076565369213620e-01  -1.1011728367635574e-03   1.2485225959991188e-01
  -2.4279874541513458e-01   2.5886471466196065e-01  -1.7009302176827215e-01  -1.0730514802326953e-01   1.8406856872973204e-01   3.4660924508364926e-01   2.1190471040252173e-01  -2.1803024792904222e-02   6.5297017373764546e-02   1.8207567066674882e-01  -1.5438465645806593e-01  -3.4578219751457873e-01   2.1171345726876209e-01  -3.0939391685853540e-01  -2.1287460213377477e-01  -4.2332408406877209e-01  -1.2393497768726902e-01  -1.2141537846466796e-01  -1.5831326212139524e-01   1.8206507184173615e-01
  -2.5871310706373396e-01  -3.3394087050415960e-01   5.2574079837972784e-02   3.6525964937123440e-01  -1.7916206427528214e-01  -6.9216391343042305e-02   2.4401360883245644e-02   1.5881430451117448e-01  -1.0999715686954297e-02   2.8738948259322633e-01   9.0245872272771741e-02  -3.5881120380778786e-02   4.5962658628621011e-01  -2.8178314674233407e-01   5.3506076163477072e-02   1.6000367694969014e-01   4.1748656920267951e-01  -1.7515893546263722e-01  -6.5708667597088988e-02  -4.5867186469948938e-02
