  -2.1716286527160872e-01  -2.0506738266785685e-01   4.5101491541257657e-02   3.5362116756532402e-01  -3.2344739812554912e-01  -1.6251929067539288e-02  -4.3081261957156315e-02  -1.5578796527698571e-01  -3.6917391554325518e-01   8.9875738582385737e-04   1.4772880247699145e-02  -4.9606623218886842e-01   1.1483123016144518e-01  -1.0041840372913180e-01  -1.7570967774579627e-01   4.1470575135607080e-01  -1.5991408341426136e-01  -7.1683248732277273e-03  -1.3508980310424021e-01  -1.0452247354789949e-02
  -2.4262987087231833e-01  -1.3646140324245143e-01  -1.9977986170921788e-01   2.2342723584111834e-01   1.6414036558042640e-02  -2.5670678285298437e-01   3.0580331115928094e-01   2.3961859325036930e-01   2.8520963220181006e-01   7.0585683171237742e-02  -4.9162656989099923e-01  -2.8075817327589042e-01   1.1413131770135990e-01   1.3328242619443650e-01   2.4070752011160768e-01  -1.9658655523203669e-01  -1.2585754444954661e-01  -1.6039574348921112e-01   1.7727326030061721e-01  -9.1426469772793950e-02
  -1.9462944320435993e-01   4.9660552305059759e-02  -1.5265799910255001e-01   1.6353087522276662e-02  -3.3738011196731166e-01   4.3708996649391640e-01   3.8670852767225050e-01  -1.4706108855451314e-01   1.4574562222010459e-01  -2.5219034253749897e-02  -1.5686986996773850e-01   2.9219894687664721e-01   2.3300068781856215e-01  -2.1829681862645948e-02   1.8555587284372438e-01   2.0518173092980399e-01   1.4233649600321491e-01   2.9191193898303092e-01  -6.1863333237783834e-02   2.9593245204232321e-01
  -1.9523283887109480e-01   3.5248825185030419e-01   6.6815699348784327e-02   2.0761018323296512e-01  -2.2120387484809401e-01  -1.6411509754982206e-01   1.7246395537609507e-01  -4.2489110679171621e-01  -8.8667081254774793e-02  -1.7465332076278267e-01   2.3488024426698426e-02   1.6481545350266769e-01  -1.6766879495088732e-01   3.2213682010825562e-01  -1.2265485316177858e-01  -8.9186131000795629e-02   2.4525979788544067e-01  -1.0680332142760030e-01   2.1782147374884933e-01  -4.0491771423335959e-01
  -2.2700556422062909e-01  -3.2815349008567146e-01  -1.4315504370058987e-01  -1.2958755941937561e-01  -1.6379757452191834e-01  -1.9758639734652761e-01  -1.7757611924202821e-01   2.9067161164664368e-01   2.1836372366057669e-01  -6.0159389938900731e-01   2.7792963422794748e-01   1.3134528738430937e-02  -3.7868559702430166e-02   9.6593524486752805e-02   4.0108719057543221e-02   1.8857822494183668e-01   2.4189651519735469e-01   1.0795316175760562e-01   1.2698140095799515e-01  -1.9025073596990780e-02
  -2.0826119446892172e-01   6.0349677186164533e-02  -2.9994854514879343e-01   4.1725601420095765e-01  -1.6779778953089217e-01   2.9987286602719437e-01  -3.0864192624092723e-01   2.6259810684667934e-01  -4.3555640620140071e-02   1.0834906379879841e-01   1.6188146198127734e-01   8.1780850312884956e-02  -2.5220125492174983e-01   9.9001686794397414e-02  -6.6972603916964440e-02  -4.2393995244179539e-01  -1.7677853770597141e-01   2.5564518699062638e-01  -7.0603673993816965e-02  -2.9639526257976345e-02
  -1.8532297788798796e-01   2.4919256225342848e-01   1.5560766138333815e-01   1.0237715068353035e-02  -1.2514364911838691e-01   8.5626085028977228e-02  -1.5364196140936248e-01   3.9184342088831497e-01   2.5386968208487731e-01   3.1391187940354814e-01  -4.5403236480173345e-02  -1.1014105538893910e-02   8.8792520152906826e-02   1.2663981197869426e-01  -2.9431643988466999e-01   2.0368615070671067e-01   4.1362772534267023e-01  -3.5541013265228028e-01  -2.5365432810899191e-01   1.2248898077955513e-02
  -2.4698062144684238e-01  -3.6999465724648423e-01  -1.9954564044076922e-01  -3.6063192352109343e-02   3.5311165807632999e-01   3.9325928923469639e-01  -1.8219146464018687e-01  -3.2134735749607285e-01  -1.0072339050881201e-03  -1.4340246466824233e-01  -3.1683020493832553e-01   6.5965482611747506e-02  -2.2185520815564327e-01  -6.0405046795531811e-02  -1.1833326195815964e-01  -4.6978173748861559e-03   1.5991106585272397e-01  -3.3129497196831775e-01  -1.1185384526480953e-01  -7.1807489570463193e-02
  -2.5386737382973340e-01  -1.5868884079543030e-01   2.7428862008569138e-01   4.2568747526884061e-02   3.5905509409334728e-02   4.2746886326027758e-02   1.5211450221627767e-01   4.5466599851869864e-04  -6.7382250239797922e-02  -1.6764069269620291e-02   3.8546908884694980e-01   2.1464925238679841e-01   5.9315101250275962e-02   3.0674769688850767e-01   3.6970621563811268e-01  -5.5434480917549225e-02  -3.1897608003954259e-01  -4.2156352452798834e-01  -2.8615456183307914e-01   9.4186699782938477e-02
  -2.1737798616240109e-01   3.7907375607386673e-01  -3.3631319320933284e-01   2.2312395724137960e-02   2.0562038925416457e-01  -3.8338800619387664e-01  -2.6588382372254460e-01  -8.9426898061355689e-02  -2.8047799573244458e-01  -4.2289771674318348e-02  -1.0513925699023025e-01   2.5777064296196407e-02   3.5653285939313432e-02  -2.2224735121013941e-02   3.5922441334702765e-01   8.0133925897565766e-02   1.8022515318637497e-01   3.4719475139668679e-02  -2.8963913077980841e-01   2.8373730816316534e-01
  -1.8530072783510718e-01  -8.5794455240197687e-02   2.7756418594326954e-01  -3.5088719040724520e-01  -2.8472639226613999e-01   1.3932120188901534e-01  -3.2386298343096281e-01   7.7210748195949461e-02  -2.9352341162491952e-01   2.5332181386506375e-01  -2.1916414321480285e-01  -3.2411284279716110e-02  -1.4066610968619314e-01   6.4489727891633111e-02   4.1736793892276819e-01  -2.6603317506601333e-04   9.3638039862835129e-02   3.9038175145011157e-02   3.6286086338273682e-01  -8.5426252256550969e-02
  -2.2697789019240952e-01  -1.3052046838347037e-01   4.0538976547389738e-01  -6.6218298953194504e-02  -7.6534823746241154e-02  -1.6617200412370611e-01   1.9168129782415122e-01  -6.3337057218532805e-02   7.7324823267896539e-02  -3.0374570267668950e-02  -3.7885930879302546e-02  -1.4600816281378434e-01  -2.3720996204243169e-01  -3.3033365607187432e-01   2.4097404298166369e-02  -3.9154733069228614e-01   2.5763838718060411e-01   2.7089676771973947e-01  -4.4651051004149250e-01  -2.0666691017762768e-02
  -2.2425847336908195e-01   8.0992709846975597e-02  -1.0045176611732404e-01   1.3661249179414495e-01   4.2951768864017754e-02  -9.9688514660290655e-04  -3.2371285300742667e-02  -1.9563770803361821e-01   3.1123729342340756e-01   2.5549571896334500e-01   4.3006022408179256e-01  -7.4143843092369155e-02  -2.4741955992160357e-02  -5.6244028167274451e-01   2.0302587398689612e-01   4.0943306046671506e-02   7.8029481291462310e-02  -1.9320520253382226e-01   3.4248801772905108e-01  -8.3137530068665578e-03
  -2.5477748470474648e-01   1.2377352806640865e-01   1.1729037153950782e-01  -1.3354050645260243e-01   3.7087938506250417e-01   2.3515917592778721e-01   7.2643088513074591e-03  -1.2527634871986859e-01   1.5236354988455266e-02  -2.2668040491206652e-02   2.1324438683376939e-01  -4.7392431470618673e-01   3.0854957777149122e-01   3.4801159634176848e-01  -1.0065807433712173e-01  -2.0187905429181657e-01   1.3443098519644614e-01   2.2799258128192712e-01   1.8778035792438316e-01   1.9037033486095542e-01
  -2.2987058393192222e-01   2.6057027712679726e-01  -1.0828889322320186e-01  -2.8497885835146447e-01   9.6726839882117818e-02   6.5364705587535626e-02   3.8619255513525824e-01   2.1413669791914014e-01  -1.0338322204056669e-01  -3.1064717910889550e-02   4.1620888212314106e-02  -1.4824745208037002e-01  -6.1778611892832125e-01  -1.5557061483523661e-02  -1.4296164805863065e-01   2.3862291891887494e-01  -2.2799749569297448e-01  -2.4263279579741663e-02   7.7520923715664311e-02   1.5643195857800499e-01
  -2.2084141266875026e-01  -1.1852708720411419e-01  -3.4062960430803840e-01  -4.2611991281766631e-01  -2.3379072719259433e-01  -1.5926081554863611e-01   1.3461052940812324e-01   1.4749847459805948e-02  -3.0500474676242101e-01   1.2486640876276847e-01   9.9294469259617935e-02   1.2937674776356084e-01   3.2325012049243901e-01  -1.4510663487777373e-01  -3.5236539443570492e-01  -3.4463312807521285e-01  -3.4636624865356312e-02  -1.8817427710037335e-01   2.7988060180333198e-02   1.1146861645002660e-02
  -2.1921491909525195e-01   1.0707226657232239e-02   1.5624670517184315e-02  -2.5468002990742428e-01  -1.2370685731084562e-01  -2.2804994235839554e-01  -3.1193852427773189e-01  -3.5932684123431669e-01   4.8022097385046680e-01   1.7545208283918123e-01  -9.7253079925114935e-02   6.3284572044638873e-02  -4.2894437986232638e-02   1.7257375727570437e-01  -1.7380147813120730e-01   1.1826663448683199e-01  -4.3728984821578770e-01   1.9249658837867042e-01  -1.1297831986047235e-01   3.5732234199920124e-02
  -2.1795094247012867e-01   4.0309564441075374e-01   1.7768540778631653e-01  -9.2466899527519783e-02   7.2453854224977784e-02   2.1529843070720439e-01  -1.2012742443817079e-01   1.7092308152226537e-01   6.4384796710224680e-03  -4.1420016626909739e-01  -1.6035971878917191e-01   2.8027559087739292e-02   3.0588774673440350e-01  -3.4027051238016137e-01   2.3817360884452691e-02  -4.9115665567253880e-03  -3.2801622280470571e-01  -2.3594040742840525e-02  -5.8375893593368401e-02  -3.6747105545156766e-01
  -2.2836995986411868e-01  -1.9026549401959139e-01  -6.1641435924093428e-02   1.2014371266053130e-02   3.8250259759749716e-01  -8.6575336482649187e-02   1.5299638662313486e-01   1.3982306744345530e-01  -1.2709685178501326e-01   3.4217313344571987e-01   1.0569994636037697e-01   2.4212793825639670e-01   9.8922798383886151e-02   4.5342728942576745e-02   4.5721687518112840e-03   2.9589883290961705e-01   5.2835606596752058e-02   3.8074332435797292e-01  -6.7386653242180031e-02  -5.0615121478335734e-01
  -2.5621014320462276e-01  -7.9934043701087532e-02   3.7262354337597425e-01   2.9445179956021517e-01   1.9040471475237630e-01  -1.9564566971491576e-01  -5.2695998257856064e-02   1.0004345659365770e-01  -1.2753187947977820e-01  -4.6660249039383067e-02  -1.7193147107211701e-01   3.8713581053764107e-01   3.5200558156378133e-02  -1.2184865686834363e-01  -2.9621648881987656e-01   2.6004113350320203e-03  -5.8543428943654774e-02   5.2978404116420755e-02   3.5243535001811732e-01   4.2771720571689487e-01
